Record Length,2500,Points,-1.0900,-20.0000,,Record Length,2500,Points,-1.0900,-199.99999E-3,
Sample Interval,1.0000E-3,s,-1.0890,-20.0000,,Sample Interval,1.0000E-3,s,-1.0890,-199.99999E-3,
Trigger Point,1.0900E3,Samples,-1.0880,-20.0000,,Trigger Point,1.0900E3,Samples,-1.0880,0.0,
,,,-1.0870,-20.0000,,,,,-1.0870,0.0,
,,,-1.0860,-20.0000,,,,,-1.0860,-199.99999E-3,
,,,-1.0850,-20.0000,,,,,-1.0850,0.0,
Source,CH1,,-1.0840,0.0,,Source,CH3,,-1.0840,0.0,
Vertical Units,Volts,,-1.0830,-20.0000,,Vertical Units,Volts,,-1.0830,-199.99999E-3,
Vertical Scale,511.953125,,-1.0820,-20.0000,,Vertical Scale,5.11953,,-1.0820,-199.99999E-3,
Vertical Offset,0,,-1.0810,-20.0000,,Vertical Offset,0,,-1.0810,-199.99999E-3,
Horizontal Units,s,,-1.0800,-20.0000,,Horizontal Units,s,,-1.0800,-199.99999E-3,
Horizontal Scale,250.00001E-3,,-1.0790,0.0,,Horizontal Scale,250.00001E-3,,-1.0790,0.0,
Pt Fmt,Y,,-1.0780,0.0,,Pt Fmt,Y,,-1.0780,-199.99999E-3,
Yzero,-2.92996,,-1.0770,0.0,,Yzero,-2.92996,,-1.0770,-199.99999E-3,
Probe Atten,10.0000,,-1.0760,-20.0000,,Probe Atten,10.0000,,-1.0760,-199.99999E-3,
,,,-1.0750,0.0,,,,,-1.0750,0.0,
Note,TDS 2014 - 17:26:01   15.09.2023,,-1.0740,-20.0000,,Note,TDS 2014 - 17:26:01   15.09.2023,,-1.0740,0.0,
,,,-1.0730,-20.0000,,,,,-1.0730,-199.99999E-3,
,,,-1.0720,-20.0000,,,,,-1.0720,0.0,
,,,-1.0710,0.0,,,,,-1.0710,-199.99999E-3,
,,,-1.0700,0.0,,,,,-1.0700,-199.99999E-3,
,,,-1.0690,-20.0000,,,,,-1.0690,-199.99999E-3,
,,,-1.0680,-20.0000,,,,,-1.0680,0.0,
,,,-1.0670,-20.0000,,,,,-1.0670,0.0,
,,,-1.0660,-20.0000,,,,,-1.0660,0.0,
,,,-1.0650,-20.0000,,,,,-1.0650,0.0,
,,,-1.0640,-20.0000,,,,,-1.0640,-199.99999E-3,
,,,-1.0630,-20.0000,,,,,-1.0630,0.0,
,,,-1.0620,-20.0000,,,,,-1.0620,-199.99999E-3,
,,,-1.0610,0.0,,,,,-1.0610,-199.99999E-3,
,,,-1.0600,0.0,,,,,-1.0600,-199.99999E-3,
,,,-1.0590,0.0,,,,,-1.0590,0.0,
,,,-1.0580,-20.0000,,,,,-1.0580,0.0,
,,,-1.0570,0.0,,,,,-1.0570,0.0,
,,,-1.0560,-20.0000,,,,,-1.0560,-199.99999E-3,
,,,-1.0550,-20.0000,,,,,-1.0550,-199.99999E-3,
,,,-1.0540,-20.0000,,,,,-1.0540,-199.99999E-3,
,,,-1.0530,0.0,,,,,-1.0530,-199.99999E-3,
,,,-1.0520,-20.0000,,,,,-1.0520,-199.99999E-3,
,,,-1.0510,-20.0000,,,,,-1.0510,-199.99999E-3,
,,,-1.0500,-20.0000,,,,,-1.0500,-199.99999E-3,
,,,-1.0490,-20.0000,,,,,-1.0490,0.0,
,,,-1.0480,0.0,,,,,-1.0480,-199.99999E-3,
,,,-1.0470,-20.0000,,,,,-1.0470,-199.99999E-3,
,,,-1.0460,-20.0000,,,,,-1.0460,-199.99999E-3,
,,,-1.0450,-20.0000,,,,,-1.0450,-199.99999E-3,
,,,-1.0440,-20.0000,,,,,-1.0440,0.0,
,,,-1.0430,-20.0000,,,,,-1.0430,-199.99999E-3,
,,,-1.0420,-20.0000,,,,,-1.0420,-199.99999E-3,
,,,-1.0410,-20.0000,,,,,-1.0410,-199.99999E-3,
,,,-1.0400,-20.0000,,,,,-1.0400,-199.99999E-3,
,,,-1.0390,-20.0000,,,,,-1.0390,0.0,
,,,-1.0380,0.0,,,,,-1.0380,0.0,
,,,-1.0370,-20.0000,,,,,-1.0370,0.0,
,,,-1.0360,-20.0000,,,,,-1.0360,0.0,
,,,-1.0350,-20.0000,,,,,-1.0350,-199.99999E-3,
,,,-1.0340,-20.0000,,,,,-1.0340,-199.99999E-3,
,,,-1.0330,-20.0000,,,,,-1.0330,-199.99999E-3,
,,,-1.0320,-20.0000,,,,,-1.0320,-199.99999E-3,
,,,-1.0310,-20.0000,,,,,-1.0310,0.0,
,,,-1.0300,-20.0000,,,,,-1.0300,-199.99999E-3,
,,,-1.0290,-20.0000,,,,,-1.0290,0.0,
,,,-1.0280,-20.0000,,,,,-1.0280,0.0,
,,,-1.0270,-20.0000,,,,,-1.0270,-199.99999E-3,
,,,-1.0260,-20.0000,,,,,-1.0260,-199.99999E-3,
,,,-1.0250,-20.0000,,,,,-1.0250,0.0,
,,,-1.0240,-20.0000,,,,,-1.0240,0.0,
,,,-1.0230,0.0,,,,,-1.0230,0.0,
,,,-1.0220,-20.0000,,,,,-1.0220,-199.99999E-3,
,,,-1.0210,-20.0000,,,,,-1.0210,-199.99999E-3,
,,,-1.0200,-20.0000,,,,,-1.0200,-199.99999E-3,
,,,-1.0190,-40.00000,,,,,-1.0190,-199.99999E-3,
,,,-1.0180,0.0,,,,,-1.0180,-199.99999E-3,
,,,-1.0170,-20.0000,,,,,-1.0170,0.0,
,,,-1.0160,-20.0000,,,,,-1.0160,0.0,
,,,-1.0150,0.0,,,,,-1.0150,0.0,
,,,-1.0140,-20.0000,,,,,-1.0140,-199.99999E-3,
,,,-1.0130,0.0,,,,,-1.0130,0.0,
,,,-1.0120,-20.0000,,,,,-1.0120,0.0,
,,,-1.0110,0.0,,,,,-1.0110,-199.99999E-3,
,,,-1.0100,-20.0000,,,,,-1.0100,-199.99999E-3,
,,,-1.0090,-20.0000,,,,,-1.0090,-199.99999E-3,
,,,-1.0080,0.0,,,,,-1.0080,-199.99999E-3,
,,,-1.0070,-20.0000,,,,,-1.0070,0.0,
,,,-1.0060,-20.0000,,,,,-1.0060,-199.99999E-3,
,,,-1.0050,-20.0000,,,,,-1.0050,0.0,
,,,-1.0040,-20.0000,,,,,-1.0040,-199.99999E-3,
,,,-1.0030,-20.0000,,,,,-1.0030,0.0,
,,,-1.0020,-20.0000,,,,,-1.0020,-199.99999E-3,
,,,-1.0010,-20.0000,,,,,-1.0010,-199.99999E-3,
,,,-1.000,-20.0000,,,,,-1.000,0.0,
,,,-999.000013E-3,-20.0000,,,,,-999.000013E-3,-199.99999E-3,
,,,-998.000026E-3,-20.0000,,,,,-998.000026E-3,-199.99999E-3,
,,,-997.000039E-3,-20.0000,,,,,-997.000039E-3,-199.99999E-3,
,,,-996.000051E-3,-20.0000,,,,,-996.000051E-3,-199.99999E-3,
,,,-995.000005E-3,-20.0000,,,,,-995.000005E-3,0.0,
,,,-994.000018E-3,-20.0000,,,,,-994.000018E-3,-199.99999E-3,
,,,-993.000031E-3,-20.0000,,,,,-993.000031E-3,-199.99999E-3,
,,,-992.000043E-3,-20.0000,,,,,-992.000043E-3,0.0,
,,,-991.000056E-3,-20.0000,,,,,-991.000056E-3,-199.99999E-3,
,,,-990.000010E-3,-20.0000,,,,,-990.000010E-3,-199.99999E-3,
,,,-989.000022E-3,-20.0000,,,,,-989.000022E-3,0.0,
,,,-988.000035E-3,0.0,,,,,-988.000035E-3,-199.99999E-3,
,,,-987.000048E-3,-20.0000,,,,,-987.000048E-3,-199.99999E-3,
,,,-986.000001E-3,-20.0000,,,,,-986.000001E-3,-199.99999E-3,
,,,-985.000014E-3,-20.0000,,,,,-985.000014E-3,0.0,
,,,-984.000027E-3,-20.0000,,,,,-984.000027E-3,-199.99999E-3,
,,,-983.000040E-3,-20.0000,,,,,-983.000040E-3,0.0,
,,,-982.000053E-3,-20.0000,,,,,-982.000053E-3,-199.99999E-3,
,,,-981.000006E-3,-20.0000,,,,,-981.000006E-3,-199.99999E-3,
,,,-980.000019E-3,-20.0000,,,,,-980.000019E-3,-199.99999E-3,
,,,-979.000032E-3,0.0,,,,,-979.000032E-3,0.0,
,,,-978.000045E-3,0.0,,,,,-978.000045E-3,0.0,
,,,-977.000058E-3,-20.0000,,,,,-977.000058E-3,-199.99999E-3,
,,,-976.000011E-3,-20.0000,,,,,-976.000011E-3,-199.99999E-3,
,,,-975.000024E-3,-20.0000,,,,,-975.000024E-3,-199.99999E-3,
,,,-974.000037E-3,-20.0000,,,,,-974.000037E-3,-199.99999E-3,
,,,-973.000050E-3,-20.0000,,,,,-973.000050E-3,-199.99999E-3,
,,,-972.000003E-3,-20.0000,,,,,-972.000003E-3,-199.99999E-3,
,,,-971.000016E-3,-20.0000,,,,,-971.000016E-3,-199.99999E-3,
,,,-970.000029E-3,-20.0000,,,,,-970.000029E-3,-199.99999E-3,
,,,-969.000041E-3,-20.0000,,,,,-969.000041E-3,-199.99999E-3,
,,,-968.000054E-3,-20.0000,,,,,-968.000054E-3,-199.99999E-3,
,,,-967.000008E-3,0.0,,,,,-967.000008E-3,0.0,
,,,-966.000021E-3,-20.0000,,,,,-966.000021E-3,0.0,
,,,-965.000033E-3,-20.0000,,,,,-965.000033E-3,-199.99999E-3,
,,,-964.000046E-3,-20.0000,,,,,-964.000046E-3,-199.99999E-3,
,,,-963.000000E-3,-20.0000,,,,,-963.000000E-3,0.0,
,,,-962.000012E-3,-20.0000,,,,,-962.000012E-3,-199.99999E-3,
,,,-961.000025E-3,-20.0000,,,,,-961.000025E-3,0.0,
,,,-960.000038E-3,0.0,,,,,-960.000038E-3,0.0,
,,,-959.000051E-3,0.0,,,,,-959.000051E-3,-199.99999E-3,
,,,-958.000004E-3,-20.0000,,,,,-958.000004E-3,0.0,
,,,-957.000017E-3,-20.0000,,,,,-957.000017E-3,0.0,
,,,-956.000030E-3,-20.0000,,,,,-956.000030E-3,0.0,
,,,-955.000043E-3,-20.0000,,,,,-955.000043E-3,0.0,
,,,-954.000056E-3,-20.0000,,,,,-954.000056E-3,0.0,
,,,-953.000009E-3,0.0,,,,,-953.000009E-3,0.0,
,,,-952.000022E-3,-20.0000,,,,,-952.000022E-3,-199.99999E-3,
,,,-951.000035E-3,-20.0000,,,,,-951.000035E-3,-199.99999E-3,
,,,-950.000048E-3,-20.0000,,,,,-950.000048E-3,0.0,
,,,-949.000001E-3,-20.0000,,,,,-949.000001E-3,0.0,
,,,-948.000014E-3,-20.0000,,,,,-948.000014E-3,-199.99999E-3,
,,,-947.000027E-3,-20.0000,,,,,-947.000027E-3,0.0,
,,,-946.000040E-3,-20.0000,,,,,-946.000040E-3,-199.99999E-3,
,,,-945.000052E-3,-20.0000,,,,,-945.000052E-3,-199.99999E-3,
,,,-944.000006E-3,0.0,,,,,-944.000006E-3,-199.99999E-3,
,,,-943.000019E-3,-20.0000,,,,,-943.000019E-3,-199.99999E-3,
,,,-942.000031E-3,-20.0000,,,,,-942.000031E-3,0.0,
,,,-941.000044E-3,0.0,,,,,-941.000044E-3,0.0,
,,,-939.999998E-3,-20.0000,,,,,-939.999998E-3,0.0,
,,,-939.000010E-3,-20.0000,,,,,-939.000010E-3,-199.99999E-3,
,,,-938.000023E-3,-20.0000,,,,,-938.000023E-3,0.0,
,,,-937.000036E-3,-20.0000,,,,,-937.000036E-3,-199.99999E-3,
,,,-936.000049E-3,-20.0000,,,,,-936.000049E-3,-199.99999E-3,
,,,-935.000002E-3,0.0,,,,,-935.000002E-3,-199.99999E-3,
,,,-934.000015E-3,-20.0000,,,,,-934.000015E-3,0.0,
,,,-933.000028E-3,-20.0000,,,,,-933.000028E-3,0.0,
,,,-932.000041E-3,-20.0000,,,,,-932.000041E-3,-199.99999E-3,
,,,-931.000054E-3,0.0,,,,,-931.000054E-3,-199.99999E-3,
,,,-930.000007E-3,0.0,,,,,-930.000007E-3,0.0,
,,,-929.000020E-3,-20.0000,,,,,-929.000020E-3,-199.99999E-3,
,,,-928.000033E-3,-20.0000,,,,,-928.000033E-3,-199.99999E-3,
,,,-927.000046E-3,0.0,,,,,-927.000046E-3,-199.99999E-3,
,,,-925.999999E-3,0.0,,,,,-925.999999E-3,-199.99999E-3,
,,,-925.000012E-3,-20.0000,,,,,-925.000012E-3,0.0,
,,,-924.000025E-3,0.0,,,,,-924.000025E-3,-199.99999E-3,
,,,-923.000038E-3,-20.0000,,,,,-923.000038E-3,0.0,
,,,-922.000051E-3,-20.0000,,,,,-922.000051E-3,0.0,
,,,-921.000004E-3,-20.0000,,,,,-921.000004E-3,-199.99999E-3,
,,,-920.000017E-3,-20.0000,,,,,-920.000017E-3,0.0,
,,,-919.000030E-3,-20.0000,,,,,-919.000030E-3,-199.99999E-3,
,,,-918.000042E-3,-20.0000,,,,,-918.000042E-3,0.0,
,,,-916.999996E-3,-20.0000,,,,,-916.999996E-3,-199.99999E-3,
,,,-916.000009E-3,0.0,,,,,-916.000009E-3,-199.99999E-3,
,,,-915.000021E-3,0.0,,,,,-915.000021E-3,-199.99999E-3,
,,,-914.000034E-3,-20.0000,,,,,-914.000034E-3,-199.99999E-3,
,,,-913.000047E-3,-20.0000,,,,,-913.000047E-3,-199.99999E-3,
,,,-912.000000E-3,-20.0000,,,,,-912.000000E-3,-199.99999E-3,
,,,-911.000013E-3,-20.0000,,,,,-911.000013E-3,0.0,
,,,-910.000026E-3,-40.00000,,,,,-910.000026E-3,0.0,
,,,-909.000039E-3,-20.0000,,,,,-909.000039E-3,-199.99999E-3,
,,,-908.000052E-3,0.0,,,,,-908.000052E-3,-199.99999E-3,
,,,-907.000005E-3,-20.0000,,,,,-907.000005E-3,-199.99999E-3,
,,,-906.000018E-3,-40.00000,,,,,-906.000018E-3,-199.99999E-3,
,,,-905.000031E-3,-20.0000,,,,,-905.000031E-3,-199.99999E-3,
,,,-904.000044E-3,-20.0000,,,,,-904.000044E-3,0.0,
,,,-902.999997E-3,0.0,,,,,-902.999997E-3,-199.99999E-3,
,,,-902.000010E-3,-20.0000,,,,,-902.000010E-3,0.0,
,,,-901.000023E-3,0.0,,,,,-901.000023E-3,-199.99999E-3,
,,,-900.000036E-3,-20.0000,,,,,-900.000036E-3,0.0,
,,,-899.000049E-3,-20.0000,,,,,-899.000049E-3,-199.99999E-3,
,,,-898.000002E-3,-20.0000,,,,,-898.000002E-3,-199.99999E-3,
,,,-897.000015E-3,0.0,,,,,-897.000015E-3,0.0,
,,,-896.000028E-3,-20.0000,,,,,-896.000028E-3,-199.99999E-3,
,,,-895.000041E-3,-20.0000,,,,,-895.000041E-3,-199.99999E-3,
,,,-894.000053E-3,0.0,,,,,-894.000053E-3,-199.99999E-3,
,,,-893.000007E-3,-20.0000,,,,,-893.000007E-3,0.0,
,,,-892.000020E-3,-20.0000,,,,,-892.000020E-3,-199.99999E-3,
,,,-891.000032E-3,-20.0000,,,,,-891.000032E-3,0.0,
,,,-890.000045E-3,0.0,,,,,-890.000045E-3,-199.99999E-3,
,,,-888.999999E-3,0.0,,,,,-888.999999E-3,-199.99999E-3,
,,,-888.000011E-3,-20.0000,,,,,-888.000011E-3,0.0,
,,,-887.000024E-3,-20.0000,,,,,-887.000024E-3,0.0,
,,,-886.000037E-3,-40.00000,,,,,-886.000037E-3,-199.99999E-3,
,,,-885.000050E-3,0.0,,,,,-885.000050E-3,0.0,
,,,-884.000003E-3,0.0,,,,,-884.000003E-3,0.0,
,,,-883.000016E-3,-20.0000,,,,,-883.000016E-3,-199.99999E-3,
,,,-882.000029E-3,-20.0000,,,,,-882.000029E-3,-199.99999E-3,
,,,-881.000042E-3,0.0,,,,,-881.000042E-3,-199.99999E-3,
,,,-879.999995E-3,-20.0000,,,,,-879.999995E-3,0.0,
,,,-879.000008E-3,-20.0000,,,,,-879.000008E-3,-199.99999E-3,
,,,-878.000021E-3,-20.0000,,,,,-878.000021E-3,0.0,
,,,-877.000034E-3,-20.0000,,,,,-877.000034E-3,-199.99999E-3,
,,,-876.000047E-3,0.0,,,,,-876.000047E-3,0.0,
,,,-875.000000E-3,0.0,,,,,-875.000000E-3,-199.99999E-3,
,,,-874.000013E-3,0.0,,,,,-874.000013E-3,0.0,
,,,-873.000026E-3,0.0,,,,,-873.000026E-3,0.0,
,,,-872.000039E-3,20.0000,,,,,-872.000039E-3,-199.99999E-3,
,,,-871.000051E-3,20.0000,,,,,-871.000051E-3,-199.99999E-3,
,,,-870.000005E-3,40.00000,,,,,-870.000005E-3,0.0,
,,,-869.000018E-3,20.0000,,,,,-869.000018E-3,0.0,
,,,-868.000031E-3,60.000000,,,,,-868.000031E-3,-199.99999E-3,
,,,-867.000043E-3,40.00000,,,,,-867.000043E-3,-199.99999E-3,
,,,-865.999997E-3,60.000000,,,,,-865.999997E-3,0.0,
,,,-865.000010E-3,80.000000,,,,,-865.000010E-3,0.0,
,,,-864.000022E-3,80.000000,,,,,-864.000022E-3,0.0,
,,,-863.000035E-3,60.000000,,,,,-863.000035E-3,-199.99999E-3,
,,,-862.000048E-3,80.000000,,,,,-862.000048E-3,0.0,
,,,-861.000001E-3,100.0000,,,,,-861.000001E-3,-199.99999E-3,
,,,-860.000014E-3,100.0000,,,,,-860.000014E-3,0.0,
,,,-859.000027E-3,100.0000,,,,,-859.000027E-3,-199.99999E-3,
,,,-858.000040E-3,120.0000,,,,,-858.000040E-3,-199.99999E-3,
,,,-856.999993E-3,120.0000,,,,,-856.999993E-3,-199.99999E-3,
,,,-856.000006E-3,120.0000,,,,,-856.000006E-3,0.0,
,,,-855.000019E-3,120.0000,,,,,-855.000019E-3,-199.99999E-3,
,,,-854.000032E-3,140.0000,,,,,-854.000032E-3,-199.99999E-3,
,,,-853.000045E-3,120.0000,,,,,-853.000045E-3,-199.99999E-3,
,,,-851.999998E-3,160.00000,,,,,-851.999998E-3,0.0,
,,,-851.000011E-3,140.0000,,,,,-851.000011E-3,-199.99999E-3,
,,,-850.000024E-3,140.0000,,,,,-850.000024E-3,-199.99999E-3,
,,,-849.000037E-3,160.00000,,,,,-849.000037E-3,0.0,
,,,-848.000050E-3,180.00000,,,,,-848.000050E-3,-199.99999E-3,
,,,-847.000003E-3,160.00000,,,,,-847.000003E-3,-199.99999E-3,
,,,-846.000016E-3,180.00000,,,,,-846.000016E-3,-199.99999E-3,
,,,-845.000029E-3,180.00000,,,,,-845.000029E-3,0.0,
,,,-844.000041E-3,200.00000,,,,,-844.000041E-3,-199.99999E-3,
,,,-842.999995E-3,180.00000,,,,,-842.999995E-3,-199.99999E-3,
,,,-842.000008E-3,220.00000,,,,,-842.000008E-3,-199.99999E-3,
,,,-841.000021E-3,220.00000,,,,,-841.000021E-3,0.0,
,,,-840.000033E-3,200.00000,,,,,-840.000033E-3,-199.99999E-3,
,,,-839.000046E-3,220.00000,,,,,-839.000046E-3,-199.99999E-3,
,,,-838.000000E-3,220.00000,,,,,-838.000000E-3,-199.99999E-3,
,,,-837.000012E-3,240.00000,,,,,-837.000012E-3,0.0,
,,,-836.000025E-3,240.00000,,,,,-836.000025E-3,-199.99999E-3,
,,,-835.000038E-3,240.00000,,,,,-835.000038E-3,-199.99999E-3,
,,,-833.999991E-3,240.00000,,,,,-833.999991E-3,0.0,
,,,-833.000004E-3,260.00000,,,,,-833.000004E-3,-199.99999E-3,
,,,-832.000017E-3,260.00000,,,,,-832.000017E-3,0.0,
,,,-831.000030E-3,260.00000,,,,,-831.000030E-3,-199.99999E-3,
,,,-830.000043E-3,280.00000,,,,,-830.000043E-3,-199.99999E-3,
,,,-828.999996E-3,280.00000,,,,,-828.999996E-3,-199.99999E-3,
,,,-828.000009E-3,260.00000,,,,,-828.000009E-3,0.0,
,,,-827.000022E-3,280.00000,,,,,-827.000022E-3,-199.99999E-3,
,,,-826.000035E-3,300.00000,,,,,-826.000035E-3,0.0,
,,,-825.000048E-3,300.00000,,,,,-825.000048E-3,0.0,
,,,-824.000001E-3,320.00000,,,,,-824.000001E-3,0.0,
,,,-823.000014E-3,300.00000,,,,,-823.000014E-3,0.0,
,,,-822.000027E-3,320.00000,,,,,-822.000027E-3,-199.99999E-3,
,,,-821.000040E-3,300.00000,,,,,-821.000040E-3,0.0,
,,,-819.999993E-3,320.00000,,,,,-819.999993E-3,0.0,
,,,-819.000006E-3,320.00000,,,,,-819.000006E-3,0.0,
,,,-818.000019E-3,340.00000,,,,,-818.000019E-3,-199.99999E-3,
,,,-817.000031E-3,340.00000,,,,,-817.000031E-3,-199.99999E-3,
,,,-816.000044E-3,360.00000,,,,,-816.000044E-3,-199.99999E-3,
,,,-814.999998E-3,360.00000,,,,,-814.999998E-3,0.0,
,,,-814.000010E-3,360.00000,,,,,-814.000010E-3,-199.99999E-3,
,,,-813.000023E-3,360.00000,,,,,-813.000023E-3,-199.99999E-3,
,,,-812.000036E-3,380.00000,,,,,-812.000036E-3,-199.99999E-3,
,,,-811.000049E-3,380.00000,,,,,-811.000049E-3,0.0,
,,,-810.000002E-3,400.00000,,,,,-810.000002E-3,0.0,
,,,-809.000015E-3,380.00000,,,,,-809.000015E-3,-199.99999E-3,
,,,-808.000028E-3,400.00000,,,,,-808.000028E-3,0.0,
,,,-807.000041E-3,380.00000,,,,,-807.000041E-3,-199.99999E-3,
,,,-805.999994E-3,400.00000,,,,,-805.999994E-3,-199.99999E-3,
,,,-805.000007E-3,380.00000,,,,,-805.000007E-3,-199.99999E-3,
,,,-804.000020E-3,420.000000,,,,,-804.000020E-3,0.0,
,,,-803.000033E-3,400.00000,,,,,-803.000033E-3,-199.99999E-3,
,,,-802.000046E-3,440.000000,,,,,-802.000046E-3,-199.99999E-3,
,,,-800.999999E-3,420.000000,,,,,-800.999999E-3,-199.99999E-3,
,,,-800.000012E-3,420.000000,,,,,-800.000012E-3,-199.99999E-3,
,,,-799.000025E-3,440.000000,,,,,-799.000025E-3,-199.99999E-3,
,,,-798.000038E-3,460.000000,,,,,-798.000038E-3,-199.99999E-3,
,,,-796.999991E-3,440.000000,,,,,-796.999991E-3,0.0,
,,,-796.000004E-3,440.000000,,,,,-796.000004E-3,0.0,
,,,-795.000017E-3,460.000000,,,,,-795.000017E-3,0.0,
,,,-794.000030E-3,460.000000,,,,,-794.000030E-3,0.0,
,,,-793.000042E-3,440.000000,,,,,-793.000042E-3,-199.99999E-3,
,,,-791.999996E-3,460.000000,,,,,-791.999996E-3,0.0,
,,,-791.000009E-3,460.000000,,,,,-791.000009E-3,0.0,
,,,-790.000021E-3,480.000000,,,,,-790.000021E-3,0.0,
,,,-789.000034E-3,480.000000,,,,,-789.000034E-3,0.0,
,,,-788.000047E-3,480.000000,,,,,-788.000047E-3,-199.99999E-3,
,,,-787.000000E-3,500.000000,,,,,-787.000000E-3,-199.99999E-3,
,,,-786.000013E-3,500.000000,,,,,-786.000013E-3,-199.99999E-3,
,,,-785.000026E-3,500.000000,,,,,-785.000026E-3,-199.99999E-3,
,,,-784.000039E-3,500.000000,,,,,-784.000039E-3,-199.99999E-3,
,,,-782.999992E-3,500.000000,,,,,-782.999992E-3,-199.99999E-3,
,,,-782.000005E-3,500.000000,,,,,-782.000005E-3,0.0,
,,,-781.000018E-3,520.000000,,,,,-781.000018E-3,-199.99999E-3,
,,,-780.000031E-3,520.000000,,,,,-780.000031E-3,-199.99999E-3,
,,,-779.000044E-3,520.000000,,,,,-779.000044E-3,0.0,
,,,-777.999997E-3,520.000000,,,,,-777.999997E-3,0.0,
,,,-777.000010E-3,520.000000,,,,,-777.000010E-3,0.0,
,,,-776.000023E-3,520.000000,,,,,-776.000023E-3,0.0,
,,,-775.000036E-3,540.000000,,,,,-775.000036E-3,-199.99999E-3,
,,,-773.999989E-3,540.000000,,,,,-773.999989E-3,0.0,
,,,-773.000002E-3,540.000000,,,,,-773.000002E-3,-199.99999E-3,
,,,-772.000015E-3,540.000000,,,,,-772.000015E-3,0.0,
,,,-771.000028E-3,540.000000,,,,,-771.000028E-3,0.0,
,,,-770.000041E-3,560.000000,,,,,-770.000041E-3,0.0,
,,,-768.999994E-3,580.000000,,,,,-768.999994E-3,-199.99999E-3,
,,,-768.000007E-3,560.000000,,,,,-768.000007E-3,-199.99999E-3,
,,,-767.000020E-3,580.000000,,,,,-767.000020E-3,-199.99999E-3,
,,,-766.000032E-3,560.000000,,,,,-766.000032E-3,-199.99999E-3,
,,,-765.000045E-3,560.000000,,,,,-765.000045E-3,-199.99999E-3,
,,,-763.999999E-3,580.000000,,,,,-763.999999E-3,-199.99999E-3,
,,,-763.000011E-3,600.000000,,,,,-763.000011E-3,-199.99999E-3,
,,,-762.000024E-3,600.000000,,,,,-762.000024E-3,0.0,
,,,-761.000037E-3,600.000000,,,,,-761.000037E-3,-199.99999E-3,
,,,-759.999990E-3,620.000000,,,,,-759.999990E-3,0.0,
,,,-759.000003E-3,600.000000,,,,,-759.000003E-3,0.0,
,,,-758.000016E-3,600.000000,,,,,-758.000016E-3,-199.99999E-3,
,,,-757.000029E-3,600.000000,,,,,-757.000029E-3,-199.99999E-3,
,,,-756.000042E-3,640.000000,,,,,-756.000042E-3,-199.99999E-3,
,,,-754.999995E-3,600.000000,,,,,-754.999995E-3,-199.99999E-3,
,,,-754.000008E-3,620.000000,,,,,-754.000008E-3,-199.99999E-3,
,,,-753.000021E-3,620.000000,,,,,-753.000021E-3,-199.99999E-3,
,,,-752.000034E-3,640.000000,,,,,-752.000034E-3,0.0,
,,,-751.000047E-3,620.000000,,,,,-751.000047E-3,0.0,
,,,-750.000000E-3,640.000000,,,,,-750.000000E-3,0.0,
,,,-749.000013E-3,640.000000,,,,,-749.000013E-3,-199.99999E-3,
,,,-748.000026E-3,660.000000,,,,,-748.000026E-3,0.0,
,,,-747.000039E-3,660.000000,,,,,-747.000039E-3,-199.99999E-3,
,,,-745.999992E-3,660.000000,,,,,-745.999992E-3,-199.99999E-3,
,,,-745.000005E-3,660.000000,,,,,-745.000005E-3,0.0,
,,,-744.000018E-3,660.000000,,,,,-744.000018E-3,-199.99999E-3,
,,,-743.000031E-3,680.000000,,,,,-743.000031E-3,-199.99999E-3,
,,,-742.000043E-3,680.000000,,,,,-742.000043E-3,0.0,
,,,-740.999997E-3,660.000000,,,,,-740.999997E-3,0.0,
,,,-740.000010E-3,680.000000,,,,,-740.000010E-3,0.0,
,,,-739.000022E-3,680.000000,,,,,-739.000022E-3,0.0,
,,,-738.000035E-3,680.000000,,,,,-738.000035E-3,0.0,
,,,-736.999989E-3,700.000000,,,,,-736.999989E-3,0.0,
,,,-736.000001E-3,680.000000,,,,,-736.000001E-3,0.0,
,,,-735.000014E-3,680.000000,,,,,-735.000014E-3,0.0,
,,,-734.000027E-3,700.000000,,,,,-734.000027E-3,-199.99999E-3,
,,,-733.000040E-3,700.000000,,,,,-733.000040E-3,-199.99999E-3,
,,,-731.999993E-3,720.000000,,,,,-731.999993E-3,-199.99999E-3,
,,,-731.000006E-3,720.000000,,,,,-731.000006E-3,-199.99999E-3,
,,,-730.000019E-3,700.000000,,,,,-730.000019E-3,0.0,
,,,-729.000032E-3,720.000000,,,,,-729.000032E-3,-199.99999E-3,
,,,-728.000045E-3,720.000000,,,,,-728.000045E-3,-199.99999E-3,
,,,-726.999998E-3,720.000000,,,,,-726.999998E-3,-199.99999E-3,
,,,-726.000011E-3,720.000000,,,,,-726.000011E-3,-199.99999E-3,
,,,-725.000024E-3,720.000000,,,,,-725.000024E-3,-199.99999E-3,
,,,-724.000037E-3,740.000000,,,,,-724.000037E-3,0.0,
,,,-722.999990E-3,740.000000,,,,,-722.999990E-3,0.0,
,,,-722.000003E-3,720.000000,,,,,-722.000003E-3,0.0,
,,,-721.000016E-3,740.000000,,,,,-721.000016E-3,0.0,
,,,-720.000029E-3,740.000000,,,,,-720.000029E-3,0.0,
,,,-719.000041E-3,760.000000,,,,,-719.000041E-3,-199.99999E-3,
,,,-717.999995E-3,760.000000,,,,,-717.999995E-3,0.0,
,,,-717.000008E-3,760.000000,,,,,-717.000008E-3,-199.99999E-3,
,,,-716.000021E-3,760.000000,,,,,-716.000021E-3,0.0,
,,,-715.000033E-3,760.000000,,,,,-715.000033E-3,0.0,
,,,-713.999987E-3,780.000000,,,,,-713.999987E-3,0.0,
,,,-713.000000E-3,780.000000,,,,,-713.000000E-3,0.0,
,,,-712.000012E-3,780.000000,,,,,-712.000012E-3,0.0,
,,,-711.000025E-3,780.000000,,,,,-711.000025E-3,0.0,
,,,-710.000038E-3,760.000000,,,,,-710.000038E-3,0.0,
,,,-708.999991E-3,800.000000,,,,,-708.999991E-3,0.0,
,,,-708.000004E-3,780.000000,,,,,-708.000004E-3,0.0,
,,,-707.000017E-3,780.000000,,,,,-707.000017E-3,0.0,
,,,-706.000030E-3,780.000000,,,,,-706.000030E-3,-199.99999E-3,
,,,-705.000043E-3,800.000000,,,,,-705.000043E-3,-199.99999E-3,
,,,-703.999996E-3,800.000000,,,,,-703.999996E-3,0.0,
,,,-703.000009E-3,800.000000,,,,,-703.000009E-3,-199.99999E-3,
,,,-702.000022E-3,800.000000,,,,,-702.000022E-3,0.0,
,,,-701.000035E-3,820.000000,,,,,-701.000035E-3,0.0,
,,,-699.999988E-3,820.000000,,,,,-699.999988E-3,0.0,
,,,-699.000001E-3,820.000000,,,,,-699.000001E-3,-199.99999E-3,
,,,-698.000014E-3,820.000000,,,,,-698.000014E-3,0.0,
,,,-697.000027E-3,820.000000,,,,,-697.000027E-3,0.0,
,,,-696.000040E-3,820.000000,,,,,-696.000040E-3,-199.99999E-3,
,,,-694.999993E-3,840.000000,,,,,-694.999993E-3,-199.99999E-3,
,,,-694.000006E-3,820.000000,,,,,-694.000006E-3,0.0,
,,,-693.000019E-3,820.000000,,,,,-693.000019E-3,-199.99999E-3,
,,,-692.000031E-3,820.000000,,,,,-692.000031E-3,-199.99999E-3,
,,,-690.999985E-3,840.000000,,,,,-690.999985E-3,-199.99999E-3,
,,,-689.999998E-3,840.000000,,,,,-689.999998E-3,0.0,
,,,-689.000010E-3,860.000000,,,,,-689.000010E-3,0.0,
,,,-688.000023E-3,840.000000,,,,,-688.000023E-3,-199.99999E-3,
,,,-687.000036E-3,840.000000,,,,,-687.000036E-3,0.0,
,,,-685.999990E-3,880.000000,,,,,-685.999990E-3,0.0,
,,,-685.000002E-3,840.000000,,,,,-685.000002E-3,0.0,
,,,-684.000015E-3,840.000000,,,,,-684.000015E-3,0.0,
,,,-683.000028E-3,860.000000,,,,,-683.000028E-3,-199.99999E-3,
,,,-682.000041E-3,880.000000,,,,,-682.000041E-3,0.0,
,,,-680.999994E-3,860.000000,,,,,-680.999994E-3,0.0,
,,,-680.000007E-3,880.000000,,,,,-680.000007E-3,0.0,
,,,-679.000020E-3,860.000000,,,,,-679.000020E-3,0.0,
,,,-678.000033E-3,880.000000,,,,,-678.000033E-3,0.0,
,,,-676.999986E-3,880.000000,,,,,-676.999986E-3,0.0,
,,,-675.999999E-3,880.000000,,,,,-675.999999E-3,0.0,
,,,-675.000012E-3,880.000000,,,,,-675.000012E-3,0.0,
,,,-674.000025E-3,880.000000,,,,,-674.000025E-3,-199.99999E-3,
,,,-673.000038E-3,880.000000,,,,,-673.000038E-3,0.0,
,,,-671.999991E-3,880.000000,,,,,-671.999991E-3,0.0,
,,,-671.000004E-3,880.000000,,,,,-671.000004E-3,0.0,
,,,-670.000017E-3,900.000000,,,,,-670.000017E-3,0.0,
,,,-669.000030E-3,880.000000,,,,,-669.000030E-3,0.0,
,,,-668.000042E-3,900.000000,,,,,-668.000042E-3,0.0,
,,,-666.999996E-3,900.000000,,,,,-666.999996E-3,0.0,
,,,-666.000009E-3,900.000000,,,,,-666.000009E-3,0.0,
,,,-665.000021E-3,900.000000,,,,,-665.000021E-3,0.0,
,,,-664.000034E-3,920.000000,,,,,-664.000034E-3,0.0,
,,,-662.999988E-3,900.000000,,,,,-662.999988E-3,0.0,
,,,-662.000000E-3,900.000000,,,,,-662.000000E-3,0.0,
,,,-661.000013E-3,920.000000,,,,,-661.000013E-3,0.0,
,,,-660.000026E-3,920.000000,,,,,-660.000026E-3,0.0,
,,,-659.000039E-3,940.000000,,,,,-659.000039E-3,0.0,
,,,-657.999992E-3,920.000000,,,,,-657.999992E-3,-199.99999E-3,
,,,-657.000005E-3,920.000000,,,,,-657.000005E-3,0.0,
,,,-656.000018E-3,920.000000,,,,,-656.000018E-3,0.0,
,,,-655.000031E-3,940.000000,,,,,-655.000031E-3,0.0,
,,,-653.999984E-3,940.000000,,,,,-653.999984E-3,0.0,
,,,-652.999997E-3,960.000000,,,,,-652.999997E-3,0.0,
,,,-652.000010E-3,960.000000,,,,,-652.000010E-3,0.0,
,,,-651.000023E-3,940.000000,,,,,-651.000023E-3,0.0,
,,,-650.000036E-3,940.000000,,,,,-650.000036E-3,0.0,
,,,-648.999989E-3,960.000000,,,,,-648.999989E-3,0.0,
,,,-648.000002E-3,940.000000,,,,,-648.000002E-3,0.0,
,,,-647.000015E-3,960.000000,,,,,-647.000015E-3,199.99999E-3,
,,,-646.000028E-3,960.000000,,,,,-646.000028E-3,0.0,
,,,-645.000041E-3,960.000000,,,,,-645.000041E-3,199.99999E-3,
,,,-643.999994E-3,960.000000,,,,,-643.999994E-3,0.0,
,,,-643.000007E-3,960.000000,,,,,-643.000007E-3,0.0,
,,,-642.000020E-3,960.000000,,,,,-642.000020E-3,199.99999E-3,
,,,-641.000032E-3,980.000000,,,,,-641.000032E-3,0.0,
,,,-639.999986E-3,980.000000,,,,,-639.999986E-3,0.0,
,,,-638.999999E-3,980.000000,,,,,-638.999999E-3,0.0,
,,,-638.000011E-3,980.000000,,,,,-638.000011E-3,0.0,
,,,-637.000024E-3,960.000000,,,,,-637.000024E-3,0.0,
,,,-636.000037E-3,980.000000,,,,,-636.000037E-3,199.99999E-3,
,,,-634.999990E-3,980.000000,,,,,-634.999990E-3,0.0,
,,,-634.000003E-3,980.000000,,,,,-634.000003E-3,0.0,
,,,-633.000016E-3,1.0000E3,,,,,-633.000016E-3,0.0,
,,,-632.000029E-3,1.0000E3,,,,,-632.000029E-3,0.0,
,,,-630.999982E-3,1.0000E3,,,,,-630.999982E-3,0.0,
,,,-629.999995E-3,1.0000E3,,,,,-629.999995E-3,199.99999E-3,
,,,-629.000008E-3,980.000000,,,,,-629.000008E-3,199.99999E-3,
,,,-628.000021E-3,1.0000E3,,,,,-628.000021E-3,199.99999E-3,
,,,-627.000034E-3,1.0200E3,,,,,-627.000034E-3,0.0,
,,,-625.999987E-3,980.000000,,,,,-625.999987E-3,199.99999E-3,
,,,-625.000000E-3,980.000000,,,,,-625.000000E-3,0.0,
,,,-624.000013E-3,1.0000E3,,,,,-624.000013E-3,0.0,
,,,-623.000026E-3,1.0000E3,,,,,-623.000026E-3,199.99999E-3,
,,,-622.000039E-3,1.0200E3,,,,,-622.000039E-3,199.99999E-3,
,,,-620.999992E-3,1.0000E3,,,,,-620.999992E-3,199.99999E-3,
,,,-620.000005E-3,1.0200E3,,,,,-620.000005E-3,199.99999E-3,
,,,-619.000018E-3,1.0200E3,,,,,-619.000018E-3,199.99999E-3,
,,,-618.000031E-3,1.0000E3,,,,,-618.000031E-3,0.0,
,,,-616.999984E-3,1.0200E3,,,,,-616.999984E-3,0.0,
,,,-615.999997E-3,1.0400E3,,,,,-615.999997E-3,199.99999E-3,
,,,-615.000010E-3,1.0200E3,,,,,-615.000010E-3,199.99999E-3,
,,,-614.000022E-3,1.0200E3,,,,,-614.000022E-3,199.99999E-3,
,,,-613.000035E-3,1.0200E3,,,,,-613.000035E-3,199.99999E-3,
,,,-611.999989E-3,1.0200E3,,,,,-611.999989E-3,399.99998E-3,
,,,-611.000001E-3,1.0200E3,,,,,-611.000001E-3,199.99999E-3,
,,,-610.000014E-3,1.0200E3,,,,,-610.000014E-3,199.99999E-3,
,,,-609.000027E-3,1.0200E3,,,,,-609.000027E-3,199.99999E-3,
,,,-608.000040E-3,1.0400E3,,,,,-608.000040E-3,199.99999E-3,
,,,-606.999993E-3,1.0600E3,,,,,-606.999993E-3,199.99999E-3,
,,,-606.000006E-3,1.0600E3,,,,,-606.000006E-3,399.99998E-3,
,,,-605.000019E-3,1.0600E3,,,,,-605.000019E-3,199.99999E-3,
,,,-604.000032E-3,1.0400E3,,,,,-604.000032E-3,199.99999E-3,
,,,-602.999985E-3,1.0400E3,,,,,-602.999985E-3,199.99999E-3,
,,,-601.999998E-3,1.0600E3,,,,,-601.999998E-3,199.99999E-3,
,,,-601.000011E-3,1.0600E3,,,,,-601.000011E-3,199.99999E-3,
,,,-600.000024E-3,1.0600E3,,,,,-600.000024E-3,399.99998E-3,
,,,-599.000037E-3,1.0600E3,,,,,-599.000037E-3,199.99999E-3,
,,,-597.999990E-3,1.0600E3,,,,,-597.999990E-3,199.99999E-3,
,,,-597.000003E-3,1.0600E3,,,,,-597.000003E-3,199.99999E-3,
,,,-596.000016E-3,1.0600E3,,,,,-596.000016E-3,399.99998E-3,
,,,-595.000029E-3,1.0600E3,,,,,-595.000029E-3,399.99998E-3,
,,,-593.999982E-3,1.0600E3,,,,,-593.999982E-3,399.99998E-3,
,,,-592.999995E-3,1.0600E3,,,,,-592.999995E-3,399.99998E-3,
,,,-592.000008E-3,1.0800E3,,,,,-592.000008E-3,399.99998E-3,
,,,-591.000021E-3,1.0800E3,,,,,-591.000021E-3,399.99998E-3,
,,,-590.000033E-3,1.0800E3,,,,,-590.000033E-3,399.99998E-3,
,,,-588.999987E-3,1.0800E3,,,,,-588.999987E-3,399.99998E-3,
,,,-588.000000E-3,1.0800E3,,,,,-588.000000E-3,399.99998E-3,
,,,-587.000012E-3,1.0800E3,,,,,-587.000012E-3,399.99998E-3,
,,,-586.000025E-3,1.0800E3,,,,,-586.000025E-3,399.99998E-3,
,,,-585.000038E-3,1.0800E3,,,,,-585.000038E-3,399.99998E-3,
,,,-583.999991E-3,1.1000E3,,,,,-583.999991E-3,399.99998E-3,
,,,-583.000004E-3,1.0800E3,,,,,-583.000004E-3,399.99998E-3,
,,,-582.000017E-3,1.0800E3,,,,,-582.000017E-3,399.99998E-3,
,,,-581.000030E-3,1.0800E3,,,,,-581.000030E-3,399.99998E-3,
,,,-579.999983E-3,1.0800E3,,,,,-579.999983E-3,399.99998E-3,
,,,-578.999996E-3,1.1000E3,,,,,-578.999996E-3,399.99998E-3,
,,,-578.000009E-3,1.0800E3,,,,,-578.000009E-3,399.99998E-3,
,,,-577.000022E-3,1.1000E3,,,,,-577.000022E-3,399.99998E-3,
,,,-576.000035E-3,1.1000E3,,,,,-576.000035E-3,399.99998E-3,
,,,-574.999988E-3,1.1000E3,,,,,-574.999988E-3,399.99998E-3,
,,,-574.000001E-3,1.1200E3,,,,,-574.000001E-3,399.99998E-3,
,,,-573.000014E-3,1.1000E3,,,,,-573.000014E-3,399.99998E-3,
,,,-572.000027E-3,1.1000E3,,,,,-572.000027E-3,599.999964E-3,
,,,-570.999980E-3,1.1200E3,,,,,-570.999980E-3,599.999964E-3,
,,,-569.999993E-3,1.1200E3,,,,,-569.999993E-3,399.99998E-3,
,,,-569.000006E-3,1.1000E3,,,,,-569.000006E-3,399.99998E-3,
,,,-568.000019E-3,1.1000E3,,,,,-568.000019E-3,599.999964E-3,
,,,-567.000031E-3,1.1200E3,,,,,-567.000031E-3,599.999964E-3,
,,,-565.999985E-3,1.1000E3,,,,,-565.999985E-3,599.999964E-3,
,,,-564.999998E-3,1.1000E3,,,,,-564.999998E-3,599.999964E-3,
,,,-564.000010E-3,1.1200E3,,,,,-564.000010E-3,599.999964E-3,
,,,-563.000023E-3,1.1200E3,,,,,-563.000023E-3,599.999964E-3,
,,,-562.000036E-3,1.1400E3,,,,,-562.000036E-3,599.999964E-3,
,,,-560.999990E-3,1.1200E3,,,,,-560.999990E-3,599.999964E-3,
,,,-560.000002E-3,1.1200E3,,,,,-560.000002E-3,599.999964E-3,
,,,-559.000015E-3,1.1400E3,,,,,-559.000015E-3,599.999964E-3,
,,,-558.000028E-3,1.1200E3,,,,,-558.000028E-3,599.999964E-3,
,,,-556.999981E-3,1.1400E3,,,,,-556.999981E-3,599.999964E-3,
,,,-555.999994E-3,1.1400E3,,,,,-555.999994E-3,599.999964E-3,
,,,-555.000007E-3,1.1400E3,,,,,-555.000007E-3,599.999964E-3,
,,,-554.000020E-3,1.1200E3,,,,,-554.000020E-3,599.999964E-3,
,,,-553.000033E-3,1.1200E3,,,,,-553.000033E-3,599.999964E-3,
,,,-551.999986E-3,1.1400E3,,,,,-551.999986E-3,599.999964E-3,
,,,-550.999999E-3,1.1400E3,,,,,-550.999999E-3,599.999964E-3,
,,,-550.000012E-3,1.1600E3,,,,,-550.000012E-3,599.999964E-3,
,,,-549.000025E-3,1.1400E3,,,,,-549.000025E-3,599.999964E-3,
,,,-547.999978E-3,1.1400E3,,,,,-547.999978E-3,599.999964E-3,
,,,-546.999991E-3,1.1600E3,,,,,-546.999991E-3,599.999964E-3,
,,,-546.000004E-3,1.1400E3,,,,,-546.000004E-3,599.999964E-3,
,,,-545.000017E-3,1.1600E3,,,,,-545.000017E-3,599.999964E-3,
,,,-544.000030E-3,1.1600E3,,,,,-544.000030E-3,799.999952E-3,
,,,-542.999983E-3,1.1400E3,,,,,-542.999983E-3,599.999964E-3,
,,,-541.999996E-3,1.1400E3,,,,,-541.999996E-3,599.999964E-3,
,,,-541.000009E-3,1.1600E3,,,,,-541.000009E-3,799.999952E-3,
,,,-540.000021E-3,1.1600E3,,,,,-540.000021E-3,599.999964E-3,
,,,-539.000034E-3,1.1600E3,,,,,-539.000034E-3,799.999952E-3,
,,,-537.999988E-3,1.1600E3,,,,,-537.999988E-3,599.999964E-3,
,,,-537.000000E-3,1.1600E3,,,,,-537.000000E-3,599.999964E-3,
,,,-536.000013E-3,1.1600E3,,,,,-536.000013E-3,799.999952E-3,
,,,-535.000026E-3,1.1600E3,,,,,-535.000026E-3,799.999952E-3,
,,,-533.999979E-3,1.1600E3,,,,,-533.999979E-3,799.999952E-3,
,,,-532.999992E-3,1.1600E3,,,,,-532.999992E-3,599.999964E-3,
,,,-532.000005E-3,1.1600E3,,,,,-532.000005E-3,799.999952E-3,
,,,-531.000018E-3,1.1600E3,,,,,-531.000018E-3,799.999952E-3,
,,,-530.000031E-3,1.1800E3,,,,,-530.000031E-3,799.999952E-3,
,,,-528.999984E-3,1.1600E3,,,,,-528.999984E-3,799.999952E-3,
,,,-527.999997E-3,1.1600E3,,,,,-527.999997E-3,799.999952E-3,
,,,-527.000010E-3,1.1800E3,,,,,-527.000010E-3,799.999952E-3,
,,,-526.000023E-3,1.1800E3,,,,,-526.000023E-3,799.999952E-3,
,,,-525.000036E-3,1.1800E3,,,,,-525.000036E-3,1.000,
,,,-523.999989E-3,1.1800E3,,,,,-523.999989E-3,1.000,
,,,-523.000002E-3,1.1800E3,,,,,-523.000002E-3,1.000,
,,,-522.000015E-3,1.1800E3,,,,,-522.000015E-3,799.999952E-3,
,,,-521.000028E-3,1.1800E3,,,,,-521.000028E-3,1.000,
,,,-519.999981E-3,1.1800E3,,,,,-519.999981E-3,1.000,
,,,-518.999994E-3,1.1800E3,,,,,-518.999994E-3,1.000,
,,,-518.000007E-3,1.2000E3,,,,,-518.000007E-3,1.000,
,,,-517.000020E-3,1.1800E3,,,,,-517.000020E-3,1.000,
,,,-516.000032E-3,1.1800E3,,,,,-516.000032E-3,1.000,
,,,-514.999986E-3,1.1800E3,,,,,-514.999986E-3,1.000,
,,,-513.999999E-3,1.1800E3,,,,,-513.999999E-3,1.000,
,,,-513.000011E-3,1.1800E3,,,,,-513.000011E-3,1.000,
,,,-512.000024E-3,1.2000E3,,,,,-512.000024E-3,1.2000,
,,,-510.999978E-3,1.2000E3,,,,,-510.999978E-3,1.000,
,,,-509.999990E-3,1.1800E3,,,,,-509.999990E-3,1.2000,
,,,-509.000003E-3,1.2000E3,,,,,-509.000003E-3,1.2000,
,,,-508.000016E-3,1.2000E3,,,,,-508.000016E-3,1.000,
,,,-507.000029E-3,1.2000E3,,,,,-507.000029E-3,1.2000,
,,,-505.999982E-3,1.1800E3,,,,,-505.999982E-3,1.2000,
,,,-504.999995E-3,1.2000E3,,,,,-504.999995E-3,1.000,
,,,-504.000008E-3,1.2200E3,,,,,-504.000008E-3,1.000,
,,,-503.000021E-3,1.2000E3,,,,,-503.000021E-3,1.2000,
,,,-502.000034E-3,1.1800E3,,,,,-502.000034E-3,1.2000,
,,,-500.999987E-3,1.2200E3,,,,,-500.999987E-3,1.2000,
,,,-500.000000E-3,1.2000E3,,,,,-500.000000E-3,1.2000,
,,,-499.000013E-3,1.2000E3,,,,,-499.000013E-3,1.2000,
,,,-497.999996E-3,1.2000E3,,,,,-497.999996E-3,1.2000,
,,,-497.000009E-3,1.2200E3,,,,,-497.000009E-3,1.4000,
,,,-495.999992E-3,1.2200E3,,,,,-495.999992E-3,1.2000,
,,,-495.000005E-3,1.2200E3,,,,,-495.000005E-3,1.4000,
,,,-494.000018E-3,1.2200E3,,,,,-494.000018E-3,1.2000,
,,,-493.000001E-3,1.2400E3,,,,,-493.000001E-3,1.4000,
,,,-492.000014E-3,1.2000E3,,,,,-492.000014E-3,1.2000,
,,,-490.999997E-3,1.2200E3,,,,,-490.999997E-3,1.4000,
,,,-490.000010E-3,1.2200E3,,,,,-490.000010E-3,1.4000,
,,,-488.999993E-3,1.2200E3,,,,,-488.999993E-3,1.4000,
,,,-488.000005E-3,1.2000E3,,,,,-488.000005E-3,1.4000,
,,,-487.000018E-3,1.2000E3,,,,,-487.000018E-3,1.4000,
,,,-486.000001E-3,1.2200E3,,,,,-486.000001E-3,1.4000,
,,,-485.000014E-3,1.2200E3,,,,,-485.000014E-3,1.4000,
,,,-483.999997E-3,1.2200E3,,,,,-483.999997E-3,1.4000,
,,,-483.000010E-3,1.2400E3,,,,,-483.000010E-3,1.4000,
,,,-481.999993E-3,1.2200E3,,,,,-481.999993E-3,1.4000,
,,,-481.000006E-3,1.2200E3,,,,,-481.000006E-3,1.4000,
,,,-480.000019E-3,1.2200E3,,,,,-480.000019E-3,1.4000,
,,,-479.000002E-3,1.2200E3,,,,,-479.000002E-3,1.6000,
,,,-478.000015E-3,1.2400E3,,,,,-478.000015E-3,1.6000,
,,,-476.999998E-3,1.2400E3,,,,,-476.999998E-3,1.6000,
,,,-476.000011E-3,1.2200E3,,,,,-476.000011E-3,1.6000,
,,,-474.999994E-3,1.2400E3,,,,,-474.999994E-3,1.6000,
,,,-474.000007E-3,1.2200E3,,,,,-474.000007E-3,1.6000,
,,,-472.999990E-3,1.2400E3,,,,,-472.999990E-3,1.6000,
,,,-472.000003E-3,1.2200E3,,,,,-472.000003E-3,1.6000,
,,,-471.000016E-3,1.2400E3,,,,,-471.000016E-3,1.6000,
,,,-469.999999E-3,1.2600E3,,,,,-469.999999E-3,1.6000,
,,,-469.000012E-3,1.2400E3,,,,,-469.000012E-3,1.6000,
,,,-467.999995E-3,1.2600E3,,,,,-467.999995E-3,1.8000,
,,,-467.000008E-3,1.2600E3,,,,,-467.000008E-3,1.6000,
,,,-465.999991E-3,1.2400E3,,,,,-465.999991E-3,1.8000,
,,,-465.000004E-3,1.2400E3,,,,,-465.000004E-3,1.8000,
,,,-464.000016E-3,1.2600E3,,,,,-464.000016E-3,1.8000,
,,,-463.000000E-3,1.2400E3,,,,,-463.000000E-3,1.8000,
,,,-462.000012E-3,1.2600E3,,,,,-462.000012E-3,1.8000,
,,,-460.999995E-3,1.2600E3,,,,,-460.999995E-3,1.8000,
,,,-460.000008E-3,1.2400E3,,,,,-460.000008E-3,1.8000,
,,,-458.999991E-3,1.2600E3,,,,,-458.999991E-3,1.8000,
,,,-458.000004E-3,1.2600E3,,,,,-458.000004E-3,1.8000,
,,,-457.000017E-3,1.2400E3,,,,,-457.000017E-3,1.8000,
,,,-456.000000E-3,1.2600E3,,,,,-456.000000E-3,1.8000,
,,,-455.000013E-3,1.2600E3,,,,,-455.000013E-3,2.0000,
,,,-453.999996E-3,1.2600E3,,,,,-453.999996E-3,1.8000,
,,,-453.000009E-3,1.2600E3,,,,,-453.000009E-3,1.8000,
,,,-451.999992E-3,1.2600E3,,,,,-451.999992E-3,2.0000,
,,,-451.000005E-3,1.2800E3,,,,,-451.000005E-3,1.8000,
,,,-449.999988E-3,1.2400E3,,,,,-449.999988E-3,2.0000,
,,,-449.000001E-3,1.2800E3,,,,,-449.000001E-3,2.0000,
,,,-448.000014E-3,1.2600E3,,,,,-448.000014E-3,2.0000,
,,,-446.999997E-3,1.2600E3,,,,,-446.999997E-3,2.0000,
,,,-446.000010E-3,1.2600E3,,,,,-446.000010E-3,2.0000,
,,,-444.999993E-3,1.2600E3,,,,,-444.999993E-3,2.0000,
,,,-444.000006E-3,1.2800E3,,,,,-444.000006E-3,2.0000,
,,,-442.999989E-3,1.2800E3,,,,,-442.999989E-3,2.0000,
,,,-442.000002E-3,1.2800E3,,,,,-442.000002E-3,2.0000,
,,,-441.000015E-3,1.2800E3,,,,,-441.000015E-3,2.0000,
,,,-439.999998E-3,1.2800E3,,,,,-439.999998E-3,2.0000,
,,,-439.000010E-3,1.2600E3,,,,,-439.000010E-3,2.2000,
,,,-437.999994E-3,1.2600E3,,,,,-437.999994E-3,2.2000,
,,,-437.000006E-3,1.2800E3,,,,,-437.000006E-3,2.2000,
,,,-435.999990E-3,1.2600E3,,,,,-435.999990E-3,2.2000,
,,,-435.000002E-3,1.2800E3,,,,,-435.000002E-3,2.2000,
,,,-434.000015E-3,1.2800E3,,,,,-434.000015E-3,2.2000,
,,,-432.999998E-3,1.2800E3,,,,,-432.999998E-3,2.2000,
,,,-432.000011E-3,1.2800E3,,,,,-432.000011E-3,2.2000,
,,,-430.999994E-3,1.2800E3,,,,,-430.999994E-3,2.2000,
,,,-430.000007E-3,1.2600E3,,,,,-430.000007E-3,2.2000,
,,,-428.999990E-3,1.2800E3,,,,,-428.999990E-3,2.4000,
,,,-428.000003E-3,1.2800E3,,,,,-428.000003E-3,2.2000,
,,,-427.000016E-3,1.2800E3,,,,,-427.000016E-3,2.4000,
,,,-425.999999E-3,1.2800E3,,,,,-425.999999E-3,2.4000,
,,,-425.000012E-3,1.2800E3,,,,,-425.000012E-3,2.4000,
,,,-423.999995E-3,1.2800E3,,,,,-423.999995E-3,2.4000,
,,,-423.000008E-3,1.2800E3,,,,,-423.000008E-3,2.4000,
,,,-421.999991E-3,1.2800E3,,,,,-421.999991E-3,2.4000,
,,,-421.000004E-3,1.3000E3,,,,,-421.000004E-3,2.4000,
,,,-419.999987E-3,1.3000E3,,,,,-419.999987E-3,2.4000,
,,,-419.000000E-3,1.3000E3,,,,,-419.000000E-3,2.4000,
,,,-418.000013E-3,1.3200E3,,,,,-418.000013E-3,2.4000,
,,,-416.999996E-3,1.3000E3,,,,,-416.999996E-3,2.4000,
,,,-416.000009E-3,1.2800E3,,,,,-416.000009E-3,2.4000,
,,,-414.999992E-3,1.3000E3,,,,,-414.999992E-3,2.4000,
,,,-414.000005E-3,1.3000E3,,,,,-414.000005E-3,2.4000,
,,,-412.999988E-3,1.3000E3,,,,,-412.999988E-3,2.4000,
,,,-412.000000E-3,1.3000E3,,,,,-412.000000E-3,2.4000,
,,,-411.000013E-3,1.3000E3,,,,,-411.000013E-3,2.4000,
,,,-409.999996E-3,1.3000E3,,,,,-409.999996E-3,2.6000,
,,,-409.000009E-3,1.2800E3,,,,,-409.000009E-3,2.6000,
,,,-407.999992E-3,1.3000E3,,,,,-407.999992E-3,2.6000,
,,,-407.000005E-3,1.3000E3,,,,,-407.000005E-3,2.6000,
,,,-405.999988E-3,1.3000E3,,,,,-405.999988E-3,2.6000,
,,,-405.000001E-3,1.3000E3,,,,,-405.000001E-3,2.80000,
,,,-404.000014E-3,1.3200E3,,,,,-404.000014E-3,2.6000,
,,,-403.00000E-3,1.3200E3,,,,,-403.00000E-3,2.6000,
,,,-402.00001E-3,1.3000E3,,,,,-402.00001E-3,2.80000,
,,,-400.99999E-3,1.3200E3,,,,,-400.99999E-3,2.80000,
,,,-400.00001E-3,1.3200E3,,,,,-400.00001E-3,2.80000,
,,,-398.99999E-3,1.3200E3,,,,,-398.99999E-3,2.80000,
,,,-398.00000E-3,1.3200E3,,,,,-398.00000E-3,2.80000,
,,,-397.00001E-3,1.3200E3,,,,,-397.00001E-3,2.80000,
,,,-396.00000E-3,1.3200E3,,,,,-396.00000E-3,2.80000,
,,,-395.00001E-3,1.3000E3,,,,,-395.00001E-3,3.00000,
,,,-393.99999E-3,1.3200E3,,,,,-393.99999E-3,3.00000,
,,,-393.00001E-3,1.3200E3,,,,,-393.00001E-3,2.80000,
,,,-391.99999E-3,1.3200E3,,,,,-391.99999E-3,3.00000,
,,,-391.00000E-3,1.3200E3,,,,,-391.00000E-3,3.00000,
,,,-389.99999E-3,1.3000E3,,,,,-389.99999E-3,3.00000,
,,,-389.00000E-3,1.3200E3,,,,,-389.00000E-3,3.00000,
,,,-388.00001E-3,1.3200E3,,,,,-388.00001E-3,3.00000,
,,,-386.99999E-3,1.3200E3,,,,,-386.99999E-3,3.00000,
,,,-386.00001E-3,1.3200E3,,,,,-386.00001E-3,3.00000,
,,,-384.99999E-3,1.3200E3,,,,,-384.99999E-3,3.00000,
,,,-384.00000E-3,1.3200E3,,,,,-384.00000E-3,3.20000,
,,,-382.99999E-3,1.3000E3,,,,,-382.99999E-3,3.00000,
,,,-382.00000E-3,1.3200E3,,,,,-382.00000E-3,3.00000,
,,,-381.00001E-3,1.3400E3,,,,,-381.00001E-3,3.00000,
,,,-380.00000E-3,1.3200E3,,,,,-380.00000E-3,3.00000,
,,,-379.00001E-3,1.3200E3,,,,,-379.00001E-3,3.00000,
,,,-377.99999E-3,1.3400E3,,,,,-377.99999E-3,3.00000,
,,,-377.00000E-3,1.3400E3,,,,,-377.00000E-3,3.20000,
,,,-375.99999E-3,1.3200E3,,,,,-375.99999E-3,3.20000,
,,,-375.00000E-3,1.3400E3,,,,,-375.00000E-3,3.20000,
,,,-374.00001E-3,1.3400E3,,,,,-374.00001E-3,3.20000,
,,,-373.00000E-3,1.3400E3,,,,,-373.00000E-3,3.40000,
,,,-372.00001E-3,1.3200E3,,,,,-372.00001E-3,3.40000,
,,,-370.99999E-3,1.3200E3,,,,,-370.99999E-3,3.40000,
,,,-370.00000E-3,1.3400E3,,,,,-370.00000E-3,3.40000,
,,,-368.99999E-3,1.3200E3,,,,,-368.99999E-3,3.40000,
,,,-368.00000E-3,1.3400E3,,,,,-368.00000E-3,3.40000,
,,,-367.00001E-3,1.3400E3,,,,,-367.00001E-3,3.20000,
,,,-366.00000E-3,1.3200E3,,,,,-366.00000E-3,3.40000,
,,,-365.00001E-3,1.3200E3,,,,,-365.00001E-3,3.40000,
,,,-363.99999E-3,1.3400E3,,,,,-363.99999E-3,3.40000,
,,,-363.00001E-3,1.3200E3,,,,,-363.00001E-3,3.40000,
,,,-361.99999E-3,1.3600E3,,,,,-361.99999E-3,3.40000,
,,,-361.00000E-3,1.3200E3,,,,,-361.00000E-3,3.40000,
,,,-359.99998E-3,1.3200E3,,,,,-359.99998E-3,3.40000,
,,,-359.00000E-3,1.3600E3,,,,,-359.00000E-3,3.40000,
,,,-358.00001E-3,1.3400E3,,,,,-358.00001E-3,3.40000,
,,,-356.99999E-3,1.3600E3,,,,,-356.99999E-3,3.40000,
,,,-356.00001E-3,1.3200E3,,,,,-356.00001E-3,3.40000,
,,,-354.99999E-3,1.3400E3,,,,,-354.99999E-3,3.60000,
,,,-354.00000E-3,1.3200E3,,,,,-354.00000E-3,3.60000,
,,,-352.99999E-3,1.3600E3,,,,,-352.99999E-3,3.40000,
,,,-352.00000E-3,1.3400E3,,,,,-352.00000E-3,3.60000,
,,,-351.00001E-3,1.3200E3,,,,,-351.00001E-3,3.40000,
,,,-349.99999E-3,1.3600E3,,,,,-349.99999E-3,3.60000,
,,,-349.00001E-3,1.3400E3,,,,,-349.00001E-3,3.40000,
,,,-347.99999E-3,1.3600E3,,,,,-347.99999E-3,3.60000,
,,,-347.00000E-3,1.3600E3,,,,,-347.00000E-3,3.60000,
,,,-345.99999E-3,1.3600E3,,,,,-345.99999E-3,3.60000,
,,,-345.00000E-3,1.3600E3,,,,,-345.00000E-3,3.60000,
,,,-344.00001E-3,1.3400E3,,,,,-344.00001E-3,3.60000,
,,,-342.99999E-3,1.3600E3,,,,,-342.99999E-3,3.60000,
,,,-342.00001E-3,1.3800E3,,,,,-342.00001E-3,3.60000,
,,,-340.99999E-3,1.3600E3,,,,,-340.99999E-3,3.80000,
,,,-340.00000E-3,1.3600E3,,,,,-340.00000E-3,3.80000,
,,,-338.99999E-3,1.3600E3,,,,,-338.99999E-3,3.60000,
,,,-338.00000E-3,1.3600E3,,,,,-338.00000E-3,3.60000,
,,,-337.00001E-3,1.3600E3,,,,,-337.00001E-3,3.80000,
,,,-336.00000E-3,1.3600E3,,,,,-336.00000E-3,3.60000,
,,,-335.00001E-3,1.3600E3,,,,,-335.00001E-3,3.80000,
,,,-333.99999E-3,1.3400E3,,,,,-333.99999E-3,3.80000,
,,,-333.00000E-3,1.3600E3,,,,,-333.00000E-3,3.80000,
,,,-331.99999E-3,1.3600E3,,,,,-331.99999E-3,3.80000,
,,,-331.00000E-3,1.3600E3,,,,,-331.00000E-3,3.80000,
,,,-329.99998E-3,1.3600E3,,,,,-329.99998E-3,3.80000,
,,,-329.00000E-3,1.3400E3,,,,,-329.00000E-3,3.80000,
,,,-328.00001E-3,1.3600E3,,,,,-328.00001E-3,4.00000,
,,,-326.99999E-3,1.3600E3,,,,,-326.99999E-3,4.00000,
,,,-326.00001E-3,1.3600E3,,,,,-326.00001E-3,3.80000,
,,,-324.99999E-3,1.3600E3,,,,,-324.99999E-3,4.00000,
,,,-324.00000E-3,1.3600E3,,,,,-324.00000E-3,4.00000,
,,,-322.99998E-3,1.3800E3,,,,,-322.99998E-3,4.00000,
,,,-322.00000E-3,1.3600E3,,,,,-322.00000E-3,4.00000,
,,,-321.00001E-3,1.3600E3,,,,,-321.00001E-3,4.00000,
,,,-319.99999E-3,1.3600E3,,,,,-319.99999E-3,4.00000,
,,,-319.00001E-3,1.3600E3,,,,,-319.00001E-3,4.00000,
,,,-317.99999E-3,1.3600E3,,,,,-317.99999E-3,4.00000,
,,,-317.00000E-3,1.3600E3,,,,,-317.00000E-3,4.00000,
,,,-315.99998E-3,1.3800E3,,,,,-315.99998E-3,4.00000,
,,,-315.00000E-3,1.3600E3,,,,,-315.00000E-3,4.00000,
,,,-314.00001E-3,1.3600E3,,,,,-314.00001E-3,4.20000,
,,,-312.99999E-3,1.3600E3,,,,,-312.99999E-3,4.00000,
,,,-312.00001E-3,1.3800E3,,,,,-312.00001E-3,4.20000,
,,,-310.99999E-3,1.3600E3,,,,,-310.99999E-3,4.20000,
,,,-310.00000E-3,1.3600E3,,,,,-310.00000E-3,4.20000,
,,,-308.99999E-3,1.3600E3,,,,,-308.99999E-3,4.20000,
,,,-308.00000E-3,1.3600E3,,,,,-308.00000E-3,4.20000,
,,,-306.99998E-3,1.3600E3,,,,,-306.99998E-3,4.20000,
,,,-305.99999E-3,1.3800E3,,,,,-305.99999E-3,4.20000,
,,,-305.00001E-3,1.3600E3,,,,,-305.00001E-3,4.20000,
,,,-303.99999E-3,1.3600E3,,,,,-303.99999E-3,4.20000,
,,,-303.00000E-3,1.3800E3,,,,,-303.00000E-3,4.20000,
,,,-301.99999E-3,1.3800E3,,,,,-301.99999E-3,4.40000,
,,,-301.00000E-3,1.3600E3,,,,,-301.00000E-3,4.40000,
,,,-299.99998E-3,1.3600E3,,,,,-299.99998E-3,4.40000,
,,,-298.99999E-3,1.3800E3,,,,,-298.99999E-3,4.40000,
,,,-298.00001E-3,1.3600E3,,,,,-298.00001E-3,4.40000,
,,,-296.99999E-3,1.3800E3,,,,,-296.99999E-3,4.40000,
,,,-296.00000E-3,1.3800E3,,,,,-296.00000E-3,4.40000,
,,,-294.99999E-3,1.3600E3,,,,,-294.99999E-3,4.40000,
,,,-294.00000E-3,1.3800E3,,,,,-294.00000E-3,4.40000,
,,,-292.99998E-3,1.3800E3,,,,,-292.99998E-3,4.40000,
,,,-292.00000E-3,1.3800E3,,,,,-292.00000E-3,4.40000,
,,,-291.00001E-3,1.3600E3,,,,,-291.00001E-3,4.60000,
,,,-289.99999E-3,1.3800E3,,,,,-289.99999E-3,4.40000,
,,,-289.00000E-3,1.3800E3,,,,,-289.00000E-3,4.60000,
,,,-287.99999E-3,1.3800E3,,,,,-287.99999E-3,4.40000,
,,,-287.00000E-3,1.3800E3,,,,,-287.00000E-3,4.60000,
,,,-285.99998E-3,1.3800E3,,,,,-285.99998E-3,4.60000,
,,,-285.00000E-3,1.3800E3,,,,,-285.00000E-3,4.60000,
,,,-284.00001E-3,1.3800E3,,,,,-284.00001E-3,4.60000,
,,,-282.99999E-3,1.3800E3,,,,,-282.99999E-3,4.80000,
,,,-282.00001E-3,1.3800E3,,,,,-282.00001E-3,4.60000,
,,,-280.99999E-3,1.4000E3,,,,,-280.99999E-3,4.80000,
,,,-280.00000E-3,1.3800E3,,,,,-280.00000E-3,4.60000,
,,,-278.99998E-3,1.3800E3,,,,,-278.99998E-3,4.80000,
,,,-278.00000E-3,1.4000E3,,,,,-278.00000E-3,4.80000,
,,,-276.99998E-3,1.3800E3,,,,,-276.99998E-3,5.00000,
,,,-275.99999E-3,1.3800E3,,,,,-275.99999E-3,4.80000,
,,,-275.00001E-3,1.3800E3,,,,,-275.00001E-3,4.80000,
,,,-273.99999E-3,1.3800E3,,,,,-273.99999E-3,4.80000,
,,,-273.00000E-3,1.3800E3,,,,,-273.00000E-3,4.80000,
,,,-271.99998E-3,1.3800E3,,,,,-271.99998E-3,4.80000,
,,,-271.00000E-3,1.3800E3,,,,,-271.00000E-3,5.00000,
,,,-269.99998E-3,1.3800E3,,,,,-269.99998E-3,5.00000,
,,,-268.99999E-3,1.4000E3,,,,,-268.99999E-3,5.00000,
,,,-268.00001E-3,1.3800E3,,,,,-268.00001E-3,5.00000,
,,,-266.99999E-3,1.3800E3,,,,,-266.99999E-3,5.00000,
,,,-266.00000E-3,1.4000E3,,,,,-266.00000E-3,4.80000,
,,,-264.99999E-3,1.3800E3,,,,,-264.99999E-3,5.00000,
,,,-264.00000E-3,1.4000E3,,,,,-264.00000E-3,5.00000,
,,,-262.99998E-3,1.3800E3,,,,,-262.99998E-3,5.00000,
,,,-261.99999E-3,1.3800E3,,,,,-261.99999E-3,5.00000,
,,,-261.00001E-3,1.4000E3,,,,,-261.00001E-3,4.80000,
,,,-259.99999E-3,1.4000E3,,,,,-259.99999E-3,5.00000,
,,,-259.00000E-3,1.3800E3,,,,,-259.00000E-3,5.00000,
,,,-257.99999E-3,1.3800E3,,,,,-257.99999E-3,5.00000,
,,,-257.00000E-3,1.4000E3,,,,,-257.00000E-3,5.00000,
,,,-255.99998E-3,1.4000E3,,,,,-255.99998E-3,5.00000,
,,,-255.00000E-3,1.4000E3,,,,,-255.00000E-3,5.00000,
,,,-254.00001E-3,1.4000E3,,,,,-254.00001E-3,5.00000,
,,,-252.99999E-3,1.4000E3,,,,,-252.99999E-3,5.00000,
,,,-252.00000E-3,1.4000E3,,,,,-252.00000E-3,5.00000,
,,,-250.99999E-3,1.4000E3,,,,,-250.99999E-3,5.00000,
,,,-250.00000E-3,1.4000E3,,,,,-250.00000E-3,5.00000,
,,,-249.00000E-3,1.4000E3,,,,,-249.00000E-3,5.00000,
,,,-248.00000E-3,1.3800E3,,,,,-248.00000E-3,5.20000,
,,,-246.99999E-3,1.4000E3,,,,,-246.99999E-3,5.20000,
,,,-245.99999E-3,1.4000E3,,,,,-245.99999E-3,5.20000,
,,,-244.99999E-3,1.3800E3,,,,,-244.99999E-3,5.20000,
,,,-243.99999E-3,1.3800E3,,,,,-243.99999E-3,5.20000,
,,,-242.99999E-3,1.4000E3,,,,,-242.99999E-3,5.20000,
,,,-242.00000E-3,1.4000E3,,,,,-242.00000E-3,5.20000,
,,,-241.00000E-3,1.4000E3,,,,,-241.00000E-3,5.20000,
,,,-239.99999E-3,1.4000E3,,,,,-239.99999E-3,5.20000,
,,,-238.99999E-3,1.4000E3,,,,,-238.99999E-3,5.20000,
,,,-237.99999E-3,1.4000E3,,,,,-237.99999E-3,5.20000,
,,,-236.99999E-3,1.4000E3,,,,,-236.99999E-3,5.20000,
,,,-235.99999E-3,1.4000E3,,,,,-235.99999E-3,5.40000,
,,,-235.00000E-3,1.4000E3,,,,,-235.00000E-3,5.40000,
,,,-234.00000E-3,1.3800E3,,,,,-234.00000E-3,5.40000,
,,,-233.00000E-3,1.4000E3,,,,,-233.00000E-3,5.20000,
,,,-231.99999E-3,1.4000E3,,,,,-231.99999E-3,5.20000,
,,,-230.99999E-3,1.4000E3,,,,,-230.99999E-3,5.20000,
,,,-229.99999E-3,1.4000E3,,,,,-229.99999E-3,5.40000,
,,,-228.99999E-3,1.4000E3,,,,,-228.99999E-3,5.20000,
,,,-227.99999E-3,1.4000E3,,,,,-227.99999E-3,5.20000,
,,,-227.00000E-3,1.4000E3,,,,,-227.00000E-3,5.20000,
,,,-226.00000E-3,1.4000E3,,,,,-226.00000E-3,5.40000,
,,,-224.99999E-3,1.4000E3,,,,,-224.99999E-3,5.40000,
,,,-223.99999E-3,1.4000E3,,,,,-223.99999E-3,5.20000,
,,,-222.99999E-3,1.4000E3,,,,,-222.99999E-3,5.20000,
,,,-221.99999E-3,1.4000E3,,,,,-221.99999E-3,5.20000,
,,,-220.99999E-3,1.4000E3,,,,,-220.99999E-3,5.20000,
,,,-220.00000E-3,1.4000E3,,,,,-220.00000E-3,5.20000,
,,,-219.00000E-3,1.4000E3,,,,,-219.00000E-3,5.40000,
,,,-217.99999E-3,1.4000E3,,,,,-217.99999E-3,5.40000,
,,,-216.99999E-3,1.4200E3,,,,,-216.99999E-3,5.40000,
,,,-215.99999E-3,1.4000E3,,,,,-215.99999E-3,5.20000,
,,,-214.99999E-3,1.4000E3,,,,,-214.99999E-3,5.40000,
,,,-213.99999E-3,1.4000E3,,,,,-213.99999E-3,5.40000,
,,,-212.99998E-3,1.4000E3,,,,,-212.99998E-3,5.60000,
,,,-212.00000E-3,1.4200E3,,,,,-212.00000E-3,5.60000,
,,,-211.00000E-3,1.4200E3,,,,,-211.00000E-3,5.60000,
,,,-209.99999E-3,1.4000E3,,,,,-209.99999E-3,5.60000,
,,,-208.99999E-3,1.4000E3,,,,,-208.99999E-3,5.60000,
,,,-207.99999E-3,1.4000E3,,,,,-207.99999E-3,5.60000,
,,,-206.99999E-3,1.4200E3,,,,,-206.99999E-3,5.60000,
,,,-205.99999E-3,1.4000E3,,,,,-205.99999E-3,5.60000,
,,,-205.00000E-3,1.4000E3,,,,,-205.00000E-3,5.60000,
,,,-204.00000E-3,1.4000E3,,,,,-204.00000E-3,5.60000,
,,,-202.99999E-3,1.4000E3,,,,,-202.99999E-3,5.60000,
,,,-201.99999E-3,1.4000E3,,,,,-201.99999E-3,5.80000,
,,,-200.99999E-3,1.4000E3,,,,,-200.99999E-3,5.80000,
,,,-199.99999E-3,1.4000E3,,,,,-199.99999E-3,5.60000,
,,,-198.99999E-3,1.4200E3,,,,,-198.99999E-3,5.60000,
,,,-197.99998E-3,1.4200E3,,,,,-197.99998E-3,5.80000,
,,,-197.00000E-3,1.4000E3,,,,,-197.00000E-3,5.80000,
,,,-195.99999E-3,1.4200E3,,,,,-195.99999E-3,5.80000,
,,,-194.99999E-3,1.4200E3,,,,,-194.99999E-3,5.80000,
,,,-193.99999E-3,1.4000E3,,,,,-193.99999E-3,5.80000,
,,,-192.99999E-3,1.4200E3,,,,,-192.99999E-3,5.80000,
,,,-191.99999E-3,1.4200E3,,,,,-191.99999E-3,5.80000,
,,,-190.99998E-3,1.4200E3,,,,,-190.99998E-3,5.80000,
,,,-190.00000E-3,1.4000E3,,,,,-190.00000E-3,5.80000,
,,,-189.00000E-3,1.4000E3,,,,,-189.00000E-3,5.80000,
,,,-187.99999E-3,1.4200E3,,,,,-187.99999E-3,5.80000,
,,,-186.99999E-3,1.4000E3,,,,,-186.99999E-3,6.00000,
,,,-185.99999E-3,1.4200E3,,,,,-185.99999E-3,5.80000,
,,,-184.99999E-3,1.4200E3,,,,,-184.99999E-3,5.80000,
,,,-183.99999E-3,1.4200E3,,,,,-183.99999E-3,6.00000,
,,,-182.99998E-3,1.3800E3,,,,,-182.99998E-3,6.00000,
,,,-182.00000E-3,1.4000E3,,,,,-182.00000E-3,6.00000,
,,,-180.99999E-3,1.4000E3,,,,,-180.99999E-3,6.00000,
,,,-179.99999E-3,1.4200E3,,,,,-179.99999E-3,6.00000,
,,,-178.99999E-3,1.4200E3,,,,,-178.99999E-3,6.00000,
,,,-177.99999E-3,1.4400E3,,,,,-177.99999E-3,6.00000,
,,,-176.99999E-3,1.4400E3,,,,,-176.99999E-3,6.00000,
,,,-175.99998E-3,1.4000E3,,,,,-175.99998E-3,6.00000,
,,,-175.00000E-3,1.4000E3,,,,,-175.00000E-3,6.00000,
,,,-173.99999E-3,1.4200E3,,,,,-173.99999E-3,6.00000,
,,,-172.99999E-3,1.4200E3,,,,,-172.99999E-3,6.00000,
,,,-171.99999E-3,1.4000E3,,,,,-171.99999E-3,6.00000,
,,,-170.99999E-3,1.4200E3,,,,,-170.99999E-3,6.00000,
,,,-169.99999E-3,1.4200E3,,,,,-169.99999E-3,6.00000,
,,,-168.99998E-3,1.4200E3,,,,,-168.99998E-3,6.00000,
,,,-167.99998E-3,1.4200E3,,,,,-167.99998E-3,6.00000,
,,,-167.00000E-3,1.4400E3,,,,,-167.00000E-3,6.20000,
,,,-165.99999E-3,1.4200E3,,,,,-165.99999E-3,6.20000,
,,,-164.99999E-3,1.4400E3,,,,,-164.99999E-3,6.20000,
,,,-163.99999E-3,1.4200E3,,,,,-163.99999E-3,6.20000,
,,,-162.99999E-3,1.4200E3,,,,,-162.99999E-3,6.20000,
,,,-161.99999E-3,1.4200E3,,,,,-161.99999E-3,6.20000,
,,,-160.99998E-3,1.4400E3,,,,,-160.99998E-3,6.20000,
,,,-160.00000E-3,1.4400E3,,,,,-160.00000E-3,6.20000,
,,,-158.99999E-3,1.4400E3,,,,,-158.99999E-3,6.40000,
,,,-157.99999E-3,1.4400E3,,,,,-157.99999E-3,6.40000,
,,,-156.99999E-3,1.4200E3,,,,,-156.99999E-3,6.40000,
,,,-155.99999E-3,1.4200E3,,,,,-155.99999E-3,6.40000,
,,,-154.99999E-3,1.4400E3,,,,,-154.99999E-3,6.40000,
,,,-153.99998E-3,1.4200E3,,,,,-153.99998E-3,6.40000,
,,,-152.99998E-3,1.4200E3,,,,,-152.99998E-3,6.40000,
,,,-152.00000E-3,1.4200E3,,,,,-152.00000E-3,6.40000,
,,,-150.99999E-3,1.4400E3,,,,,-150.99999E-3,6.60000,
,,,-149.99999E-3,1.4400E3,,,,,-149.99999E-3,6.60000,
,,,-148.99999E-3,1.4200E3,,,,,-148.99999E-3,6.40000,
,,,-148.0000E-3,1.4200E3,,,,,-148.0000E-3,6.60000,
,,,-147.0000E-3,1.4400E3,,,,,-147.0000E-3,6.60000,
,,,-146.0000E-3,1.4400E3,,,,,-146.0000E-3,6.60000,
,,,-145.0000E-3,1.4200E3,,,,,-145.0000E-3,6.60000,
,,,-144.0000E-3,1.4400E3,,,,,-144.0000E-3,6.60000,
,,,-143.0000E-3,1.4200E3,,,,,-143.0000E-3,6.60000,
,,,-142.0000E-3,1.4200E3,,,,,-142.0000E-3,6.60000,
,,,-141.0000E-3,1.4400E3,,,,,-141.0000E-3,6.60000,
,,,-140.0000E-3,1.4200E3,,,,,-140.0000E-3,6.60000,
,,,-139.0000E-3,1.4200E3,,,,,-139.0000E-3,6.60000,
,,,-138.0000E-3,1.4200E3,,,,,-138.0000E-3,6.60000,
,,,-137.0000E-3,1.4200E3,,,,,-137.0000E-3,6.60000,
,,,-136.0000E-3,1.4200E3,,,,,-136.0000E-3,6.60000,
,,,-135.0000E-3,1.4400E3,,,,,-135.0000E-3,6.60000,
,,,-134.0000E-3,1.4400E3,,,,,-134.0000E-3,6.60000,
,,,-133.0000E-3,1.4400E3,,,,,-133.0000E-3,6.60000,
,,,-132.0000E-3,1.4200E3,,,,,-132.0000E-3,6.60000,
,,,-131.0000E-3,1.4400E3,,,,,-131.0000E-3,6.60000,
,,,-130.0000E-3,1.4200E3,,,,,-130.0000E-3,6.60000,
,,,-129.0000E-3,1.4400E3,,,,,-129.0000E-3,6.80000,
,,,-128.0000E-3,1.4400E3,,,,,-128.0000E-3,6.60000,
,,,-127.0000E-3,1.4200E3,,,,,-127.0000E-3,6.60000,
,,,-126.0000E-3,1.4200E3,,,,,-126.0000E-3,6.80000,
,,,-125.0000E-3,1.4400E3,,,,,-125.0000E-3,6.60000,
,,,-124.0000E-3,1.4400E3,,,,,-124.0000E-3,6.80000,
,,,-123.0000E-3,1.4400E3,,,,,-123.0000E-3,6.80000,
,,,-122.0000E-3,1.4200E3,,,,,-122.0000E-3,6.80000,
,,,-121.0000E-3,1.4400E3,,,,,-121.0000E-3,6.80000,
,,,-120.0000E-3,1.4400E3,,,,,-120.0000E-3,6.80000,
,,,-119.0000E-3,1.4400E3,,,,,-119.0000E-3,6.80000,
,,,-118.0000E-3,1.4400E3,,,,,-118.0000E-3,6.80000,
,,,-117.0000E-3,1.4400E3,,,,,-117.0000E-3,6.80000,
,,,-116.0000E-3,1.4400E3,,,,,-116.0000E-3,7.00000,
,,,-115.0000E-3,1.4400E3,,,,,-115.0000E-3,7.00000,
,,,-114.0000E-3,1.4200E3,,,,,-114.0000E-3,6.80000,
,,,-113.0000E-3,1.4200E3,,,,,-113.0000E-3,6.80000,
,,,-112.0000E-3,1.4200E3,,,,,-112.0000E-3,6.80000,
,,,-111.0000E-3,1.4400E3,,,,,-111.0000E-3,6.80000,
,,,-110.0000E-3,1.4400E3,,,,,-110.0000E-3,7.00000,
,,,-109.0000E-3,1.4400E3,,,,,-109.0000E-3,7.00000,
,,,-108.0000E-3,1.4400E3,,,,,-108.0000E-3,6.80000,
,,,-107.0000E-3,1.4400E3,,,,,-107.0000E-3,7.00000,
,,,-106.0000E-3,1.4400E3,,,,,-106.0000E-3,7.800000,
,,,-105.0000E-3,1.4400E3,,,,,-105.0000E-3,8.000000,
,,,-104.0000E-3,1.4400E3,,,,,-104.0000E-3,6.80000,
,,,-103.0000E-3,1.4400E3,,,,,-103.0000E-3,6.80000,
,,,-102.0000E-3,1.4400E3,,,,,-102.0000E-3,7.800000,
,,,-101.0000E-3,1.4400E3,,,,,-101.0000E-3,7.599999,
,,,-99.999987E-3,1.4400E3,,,,,-99.999987E-3,7.00000,
,,,-98.999985E-3,1.4400E3,,,,,-98.999985E-3,7.00000,
,,,-97.999990E-3,1.4400E3,,,,,-97.999990E-3,7.599999,
,,,-96.999988E-3,1.4400E3,,,,,-96.999988E-3,7.599999,
,,,-95.999986E-3,1.4400E3,,,,,-95.999986E-3,7.00000,
,,,-94.999984E-3,1.4400E3,,,,,-94.999984E-3,7.20000,
,,,-93.999989E-3,1.4200E3,,,,,-93.999989E-3,7.400000,
,,,-92.999987E-3,1.4400E3,,,,,-92.999987E-3,7.599999,
,,,-91.999985E-3,1.4400E3,,,,,-91.999985E-3,7.400000,
,,,-90.999983E-3,1.4400E3,,,,,-90.999983E-3,7.400000,
,,,-89.999989E-3,1.4600E3,,,,,-89.999989E-3,7.400000,
,,,-88.999987E-3,1.4400E3,,,,,-88.999987E-3,7.400000,
,,,-87.999985E-3,1.4400E3,,,,,-87.999985E-3,7.400000,
,,,-86.999983E-3,1.4400E3,,,,,-86.999983E-3,7.599999,
,,,-85.999988E-3,1.4200E3,,,,,-85.999988E-3,7.599999,
,,,-84.999986E-3,1.4400E3,,,,,-84.999986E-3,7.599999,
,,,-83.999984E-3,1.4600E3,,,,,-83.999984E-3,7.599999,
,,,-82.999982E-3,1.4400E3,,,,,-82.999982E-3,7.599999,
,,,-81.999987E-3,1.4400E3,,,,,-81.999987E-3,7.599999,
,,,-80.999985E-3,1.4400E3,,,,,-80.999985E-3,7.599999,
,,,-79.999983E-3,1.4600E3,,,,,-79.999983E-3,7.599999,
,,,-78.999989E-3,1.4400E3,,,,,-78.999989E-3,7.599999,
,,,-77.999987E-3,1.4400E3,,,,,-77.999987E-3,7.599999,
,,,-76.999985E-3,1.4200E3,,,,,-76.999985E-3,7.599999,
,,,-75.999983E-3,1.4600E3,,,,,-75.999983E-3,7.599999,
,,,-74.999988E-3,1.4400E3,,,,,-74.999988E-3,7.599999,
,,,-73.999986E-3,1.4400E3,,,,,-73.999986E-3,7.599999,
,,,-72.999984E-3,1.4400E3,,,,,-72.999984E-3,7.599999,
,,,-71.999982E-3,1.4400E3,,,,,-71.999982E-3,7.400000,
,,,-70.999987E-3,1.4400E3,,,,,-70.999987E-3,7.599999,
,,,-69.999985E-3,1.4400E3,,,,,-69.999985E-3,7.599999,
,,,-68.999983E-3,1.4600E3,,,,,-68.999983E-3,7.599999,
,,,-67.999981E-3,1.4400E3,,,,,-67.999981E-3,7.599999,
,,,-66.999987E-3,1.4400E3,,,,,-66.999987E-3,7.599999,
,,,-65.999985E-3,1.4400E3,,,,,-65.999985E-3,7.599999,
,,,-64.999983E-3,1.4600E3,,,,,-64.999983E-3,7.599999,
,,,-63.999988E-3,1.4600E3,,,,,-63.999988E-3,7.599999,
,,,-62.999986E-3,1.4400E3,,,,,-62.999986E-3,7.599999,
,,,-61.999984E-3,1.4400E3,,,,,-61.999984E-3,7.800000,
,,,-60.999986E-3,1.4400E3,,,,,-60.999986E-3,7.800000,
,,,-59.999984E-3,1.4400E3,,,,,-59.999984E-3,7.599999,
,,,-58.999985E-3,1.4400E3,,,,,-58.999985E-3,7.800000,
,,,-57.999983E-3,1.4400E3,,,,,-57.999983E-3,7.800000,
,,,-56.999985E-3,1.4400E3,,,,,-56.999985E-3,7.800000,
,,,-55.999983E-3,1.4600E3,,,,,-55.999983E-3,7.800000,
,,,-54.999985E-3,1.4600E3,,,,,-54.999985E-3,7.800000,
,,,-53.99998E-3,1.4400E3,,,,,-53.99998E-3,8.000000,
,,,-52.99998E-3,1.4600E3,,,,,-52.99998E-3,7.800000,
,,,-51.99998E-3,1.4400E3,,,,,-51.99998E-3,7.800000,
,,,-50.99998E-3,1.4400E3,,,,,-50.99998E-3,7.800000,
,,,-49.99998E-3,1.4600E3,,,,,-49.99998E-3,7.800000,
,,,-48.99998E-3,1.4600E3,,,,,-48.99998E-3,7.800000,
,,,-47.99999E-3,1.4400E3,,,,,-47.99999E-3,7.800000,
,,,-46.99998E-3,1.4400E3,,,,,-46.99998E-3,7.800000,
,,,-45.99999E-3,1.4600E3,,,,,-45.99999E-3,7.800000,
,,,-44.99998E-3,1.4400E3,,,,,-44.99998E-3,7.800000,
,,,-43.99998E-3,1.4200E3,,,,,-43.99998E-3,7.800000,
,,,-42.99998E-3,1.4600E3,,,,,-42.99998E-3,7.800000,
,,,-41.99998E-3,1.4400E3,,,,,-41.99998E-3,7.800000,
,,,-40.99998E-3,1.4600E3,,,,,-40.99998E-3,7.800000,
,,,-39.99998E-3,1.4400E3,,,,,-39.99998E-3,8.000000,
,,,-38.99998E-3,1.4600E3,,,,,-38.99998E-3,7.800000,
,,,-37.99998E-3,1.4600E3,,,,,-37.99998E-3,8.000000,
,,,-36.99998E-3,1.4400E3,,,,,-36.99998E-3,8.200000,
,,,-35.99998E-3,1.4400E3,,,,,-35.99998E-3,8.000000,
,,,-34.99998E-3,1.4600E3,,,,,-34.99998E-3,8.000000,
,,,-33.99998E-3,1.4600E3,,,,,-33.99998E-3,8.000000,
,,,-32.99998E-3,1.4400E3,,,,,-32.99998E-3,8.200000,
,,,-31.99998E-3,1.4400E3,,,,,-31.99998E-3,8.200000,
,,,-30.99998E-3,1.4600E3,,,,,-30.99998E-3,8.000000,
,,,-29.99998E-3,1.4600E3,,,,,-29.99998E-3,8.200000,
,,,-28.99998E-3,1.4600E3,,,,,-28.99998E-3,8.200000,
,,,-27.99998E-3,1.4600E3,,,,,-27.99998E-3,8.200000,
,,,-26.99998E-3,1.4600E3,,,,,-26.99998E-3,8.200000,
,,,-25.99998E-3,1.4400E3,,,,,-25.99998E-3,8.200000,
,,,-24.99998E-3,1.4400E3,,,,,-24.99998E-3,8.400000,
,,,-23.99998E-3,1.4400E3,,,,,-23.99998E-3,8.200000,
,,,-22.99998E-3,1.4400E3,,,,,-22.99998E-3,8.200000,
,,,-21.99998E-3,1.4400E3,,,,,-21.99998E-3,8.200000,
,,,-20.99998E-3,1.4600E3,,,,,-20.99998E-3,8.200000,
,,,-20.0000E-3,1.4600E3,,,,,-20.0000E-3,8.200000,
,,,-19.0000E-3,1.4600E3,,,,,-19.0000E-3,8.200000,
,,,-18.0000E-3,1.4600E3,,,,,-18.0000E-3,8.200000,
,,,-17.0000E-3,1.4400E3,,,,,-17.0000E-3,8.200000,
,,,-16.0000E-3,1.4600E3,,,,,-16.0000E-3,8.200000,
,,,-15.0000E-3,1.4600E3,,,,,-15.0000E-3,8.200000,
,,,-14.0000E-3,1.4400E3,,,,,-14.0000E-3,8.200000,
,,,-13.0000E-3,1.4600E3,,,,,-13.0000E-3,8.200000,
,,,-12.0000E-3,1.4600E3,,,,,-12.0000E-3,8.200000,
,,,-11.0000E-3,1.4400E3,,,,,-11.0000E-3,8.200000,
,,,-9.999982E-3,1.4600E3,,,,,-9.999982E-3,8.400000,
,,,-8.999982E-3,1.4600E3,,,,,-8.999982E-3,8.400000,
,,,-7.999982E-3,1.4600E3,,,,,-7.999982E-3,8.400000,
,,,-6.99998E-3,1.4600E3,,,,,-6.99998E-3,8.400000,
,,,-5.99998E-3,1.4600E3,,,,,-5.99998E-3,8.200000,
,,,-4.99998E-3,1.4600E3,,,,,-4.99998E-3,8.200000,
,,,-3.99998E-3,1.4600E3,,,,,-3.99998E-3,8.200000,
,,,-2.99998E-3,1.4600E3,,,,,-2.99998E-3,8.200000,
,,,-2.0000E-3,1.4600E3,,,,,-2.0000E-3,8.200000,
,,,-999.981654E-6,1.4600E3,,,,,-999.981654E-6,8.400000,
,,,18.3936E-9,1.4600E3,,,,,18.3936E-9,8.400000,
,,,1.0000E-3,1.4600E3,,,,,1.0000E-3,8.400000,
,,,2.0000E-3,1.4600E3,,,,,2.0000E-3,8.200000,
,,,3.00002E-3,1.4600E3,,,,,3.00002E-3,8.400000,
,,,4.00002E-3,1.4400E3,,,,,4.00002E-3,8.599999,
,,,5.00002E-3,1.4600E3,,,,,5.00002E-3,8.599999,
,,,6.00002E-3,1.4600E3,,,,,6.00002E-3,8.400000,
,,,7.00002E-3,1.4600E3,,,,,7.00002E-3,8.400000,
,,,8.000019E-3,1.4400E3,,,,,8.000019E-3,8.599999,
,,,9.000019E-3,1.4600E3,,,,,9.000019E-3,8.599999,
,,,10.0000E-3,1.4600E3,,,,,10.0000E-3,8.599999,
,,,11.0000E-3,1.4600E3,,,,,11.0000E-3,8.599999,
,,,12.0000E-3,1.4600E3,,,,,12.0000E-3,8.599999,
,,,13.0000E-3,1.4600E3,,,,,13.0000E-3,8.599999,
,,,14.0000E-3,1.4600E3,,,,,14.0000E-3,8.599999,
,,,15.0000E-3,1.4600E3,,,,,15.0000E-3,8.599999,
,,,16.0000E-3,1.4600E3,,,,,16.0000E-3,8.599999,
,,,17.0000E-3,1.4600E3,,,,,17.0000E-3,8.599999,
,,,18.0000E-3,1.4600E3,,,,,18.0000E-3,8.599999,
,,,19.0000E-3,1.4600E3,,,,,19.0000E-3,8.799999,
,,,20.0000E-3,1.4600E3,,,,,20.0000E-3,8.599999,
,,,21.00002E-3,1.4400E3,,,,,21.00002E-3,8.799999,
,,,22.00002E-3,1.4800E3,,,,,22.00002E-3,8.599999,
,,,23.00002E-3,1.4600E3,,,,,23.00002E-3,8.599999,
,,,24.00002E-3,1.4600E3,,,,,24.00002E-3,8.599999,
,,,25.00002E-3,1.4600E3,,,,,25.00002E-3,8.599999,
,,,26.00002E-3,1.4600E3,,,,,26.00002E-3,8.599999,
,,,27.00002E-3,1.4600E3,,,,,27.00002E-3,8.599999,
,,,28.00002E-3,1.4600E3,,,,,28.00002E-3,8.599999,
,,,29.00002E-3,1.4600E3,,,,,29.00002E-3,8.599999,
,,,30.00002E-3,1.4600E3,,,,,30.00002E-3,8.599999,
,,,31.00002E-3,1.4600E3,,,,,31.00002E-3,8.599999,
,,,32.00002E-3,1.4600E3,,,,,32.00002E-3,8.599999,
,,,33.00002E-3,1.4400E3,,,,,33.00002E-3,8.599999,
,,,34.00002E-3,1.4600E3,,,,,34.00002E-3,8.599999,
,,,35.00002E-3,1.4600E3,,,,,35.00002E-3,8.599999,
,,,36.00002E-3,1.4400E3,,,,,36.00002E-3,8.599999,
,,,37.00002E-3,1.4600E3,,,,,37.00002E-3,8.799999,
,,,38.00002E-3,1.4400E3,,,,,38.00002E-3,8.799999,
,,,39.00002E-3,1.4600E3,,,,,39.00002E-3,8.799999,
,,,40.00002E-3,1.4600E3,,,,,40.00002E-3,8.799999,
,,,41.00002E-3,1.4600E3,,,,,41.00002E-3,8.799999,
,,,42.00002E-3,1.4800E3,,,,,42.00002E-3,8.799999,
,,,43.00002E-3,1.4600E3,,,,,43.00002E-3,8.599999,
,,,44.00002E-3,1.4600E3,,,,,44.00002E-3,8.799999,
,,,45.00002E-3,1.4600E3,,,,,45.00002E-3,8.799999,
,,,46.00002E-3,1.4600E3,,,,,46.00002E-3,8.999999,
,,,47.00002E-3,1.4800E3,,,,,47.00002E-3,8.799999,
,,,48.00002E-3,1.4600E3,,,,,48.00002E-3,8.799999,
,,,49.00002E-3,1.4800E3,,,,,49.00002E-3,8.999999,
,,,50.00002E-3,1.4800E3,,,,,50.00002E-3,8.999999,
,,,51.00002E-3,1.4600E3,,,,,51.00002E-3,8.999999,
,,,52.00002E-3,1.4600E3,,,,,52.00002E-3,8.999999,
,,,53.00002E-3,1.4600E3,,,,,53.00002E-3,8.799999,
,,,54.00002E-3,1.4400E3,,,,,54.00002E-3,8.799999,
,,,55.000022E-3,1.4600E3,,,,,55.000022E-3,8.999999,
,,,56.000020E-3,1.4600E3,,,,,56.000020E-3,8.799999,
,,,57.000022E-3,1.4600E3,,,,,57.000022E-3,8.999999,
,,,58.000021E-3,1.4600E3,,,,,58.000021E-3,8.999999,
,,,59.000023E-3,1.4600E3,,,,,59.000023E-3,8.799999,
,,,60.000021E-3,1.4600E3,,,,,60.000021E-3,8.799999,
,,,61.000023E-3,1.4800E3,,,,,61.000023E-3,8.799999,
,,,62.000021E-3,1.4600E3,,,,,62.000021E-3,8.999999,
,,,63.000023E-3,1.4800E3,,,,,63.000023E-3,8.999999,
,,,64.000018E-3,1.4600E3,,,,,64.000018E-3,8.799999,
,,,65.000020E-3,1.4600E3,,,,,65.000020E-3,8.999999,
,,,66.000022E-3,1.4600E3,,,,,66.000022E-3,8.999999,
,,,67.000024E-3,1.4600E3,,,,,67.000024E-3,8.999999,
,,,68.000019E-3,1.4600E3,,,,,68.000019E-3,8.799999,
,,,69.000021E-3,1.4600E3,,,,,69.000021E-3,8.799999,
,,,70.000023E-3,1.4600E3,,,,,70.000023E-3,8.999999,
,,,71.000025E-3,1.4600E3,,,,,71.000025E-3,8.999999,
,,,72.000019E-3,1.4600E3,,,,,72.000019E-3,8.999999,
,,,73.000021E-3,1.4600E3,,,,,73.000021E-3,8.999999,
,,,74.000023E-3,1.4600E3,,,,,74.000023E-3,8.999999,
,,,75.000025E-3,1.4800E3,,,,,75.000025E-3,8.999999,
,,,76.000020E-3,1.4800E3,,,,,76.000020E-3,8.999999,
,,,77.000022E-3,1.4600E3,,,,,77.000022E-3,8.999999,
,,,78.000024E-3,1.4600E3,,,,,78.000024E-3,8.999999,
,,,79.000019E-3,1.4600E3,,,,,79.000019E-3,8.999999,
,,,80.000021E-3,1.4600E3,,,,,80.000021E-3,9.200000,
,,,81.000023E-3,1.4600E3,,,,,81.000023E-3,8.999999,
,,,82.000025E-3,1.4600E3,,,,,82.000025E-3,8.999999,
,,,83.000019E-3,1.4600E3,,,,,83.000019E-3,8.999999,
,,,84.000021E-3,1.4600E3,,,,,84.000021E-3,8.999999,
,,,85.000023E-3,1.4800E3,,,,,85.000023E-3,9.200000,
,,,86.000025E-3,1.4600E3,,,,,86.000025E-3,8.999999,
,,,87.000020E-3,1.4600E3,,,,,87.000020E-3,8.999999,
,,,88.000022E-3,1.4600E3,,,,,88.000022E-3,9.200000,
,,,89.000024E-3,1.4600E3,,,,,89.000024E-3,8.999999,
,,,90.000026E-3,1.4600E3,,,,,90.000026E-3,8.999999,
,,,91.000021E-3,1.4400E3,,,,,91.000021E-3,8.999999,
,,,92.000023E-3,1.4600E3,,,,,92.000023E-3,8.999999,
,,,93.000025E-3,1.4600E3,,,,,93.000025E-3,8.999999,
,,,94.000027E-3,1.4600E3,,,,,94.000027E-3,9.200000,
,,,95.000021E-3,1.4600E3,,,,,95.000021E-3,8.999999,
,,,96.000023E-3,1.4600E3,,,,,96.000023E-3,8.999999,
,,,97.000025E-3,1.4800E3,,,,,97.000025E-3,9.200000,
,,,98.000020E-3,1.4800E3,,,,,98.000020E-3,9.200000,
,,,99.000022E-3,1.4800E3,,,,,99.000022E-3,9.200000,
,,,100.0000E-3,1.4800E3,,,,,100.0000E-3,9.200000,
,,,101.0000E-3,1.4800E3,,,,,101.0000E-3,8.999999,
,,,102.0000E-3,1.4800E3,,,,,102.0000E-3,8.999999,
,,,103.0000E-3,1.4800E3,,,,,103.0000E-3,9.200000,
,,,104.0000E-3,1.4600E3,,,,,104.0000E-3,9.200000,
,,,105.0000E-3,1.4600E3,,,,,105.0000E-3,9.200000,
,,,106.0000E-3,1.4600E3,,,,,106.0000E-3,8.999999,
,,,107.0000E-3,1.4600E3,,,,,107.0000E-3,8.999999,
,,,108.0000E-3,1.4800E3,,,,,108.0000E-3,8.999999,
,,,109.0000E-3,1.4600E3,,,,,109.0000E-3,9.200000,
,,,110.0000E-3,1.4600E3,,,,,110.0000E-3,9.200000,
,,,111.0000E-3,1.4600E3,,,,,111.0000E-3,8.999999,
,,,112.0000E-3,1.4800E3,,,,,112.0000E-3,9.200000,
,,,113.0000E-3,1.4600E3,,,,,113.0000E-3,8.999999,
,,,114.0000E-3,1.4800E3,,,,,114.0000E-3,8.999999,
,,,115.0000E-3,1.4800E3,,,,,115.0000E-3,9.200000,
,,,116.0000E-3,1.4600E3,,,,,116.0000E-3,9.200000,
,,,117.0000E-3,1.4800E3,,,,,117.0000E-3,8.999999,
,,,118.0000E-3,1.4600E3,,,,,118.0000E-3,9.200000,
,,,119.0000E-3,1.4800E3,,,,,119.0000E-3,9.200000,
,,,120.0000E-3,1.4600E3,,,,,120.0000E-3,9.200000,
,,,121.0000E-3,1.4800E3,,,,,121.0000E-3,9.200000,
,,,122.0000E-3,1.4800E3,,,,,122.0000E-3,8.999999,
,,,123.0000E-3,1.4600E3,,,,,123.0000E-3,9.200000,
,,,124.0000E-3,1.4800E3,,,,,124.0000E-3,9.200000,
,,,125.0000E-3,1.4800E3,,,,,125.0000E-3,8.999999,
,,,126.0000E-3,1.4600E3,,,,,126.0000E-3,8.999999,
,,,127.0000E-3,1.4800E3,,,,,127.0000E-3,8.999999,
,,,128.0000E-3,1.4600E3,,,,,128.0000E-3,8.999999,
,,,129.0000E-3,1.4600E3,,,,,129.0000E-3,9.200000,
,,,130.0000E-3,1.4600E3,,,,,130.0000E-3,8.999999,
,,,131.0000E-3,1.4600E3,,,,,131.0000E-3,9.200000,
,,,132.0000E-3,1.4600E3,,,,,132.0000E-3,9.200000,
,,,133.0000E-3,1.4600E3,,,,,133.0000E-3,9.200000,
,,,134.0000E-3,1.4600E3,,,,,134.0000E-3,9.200000,
,,,135.0000E-3,1.4800E3,,,,,135.0000E-3,9.200000,
,,,136.0000E-3,1.4600E3,,,,,136.0000E-3,9.200000,
,,,137.0000E-3,1.4600E3,,,,,137.0000E-3,9.200000,
,,,138.0000E-3,1.4600E3,,,,,138.0000E-3,9.200000,
,,,139.0000E-3,1.4600E3,,,,,139.0000E-3,8.999999,
,,,140.0000E-3,1.4600E3,,,,,140.0000E-3,9.200000,
,,,141.0000E-3,1.4800E3,,,,,141.0000E-3,9.200000,
,,,142.0000E-3,1.4600E3,,,,,142.0000E-3,9.200000,
,,,143.0000E-3,1.4600E3,,,,,143.0000E-3,9.200000,
,,,144.0000E-3,1.4800E3,,,,,144.0000E-3,9.200000,
,,,145.0000E-3,1.4600E3,,,,,145.0000E-3,9.200000,
,,,146.0000E-3,1.4800E3,,,,,146.0000E-3,9.200000,
,,,147.0000E-3,1.4800E3,,,,,147.0000E-3,9.200000,
,,,148.0000E-3,1.4800E3,,,,,148.0000E-3,9.200000,
,,,149.00002E-3,1.4800E3,,,,,149.00002E-3,9.200000,
,,,150.00002E-3,1.4800E3,,,,,150.00002E-3,8.999999,
,,,151.00002E-3,1.4600E3,,,,,151.00002E-3,9.200000,
,,,152.00002E-3,1.4800E3,,,,,152.00002E-3,9.200000,
,,,153.00003E-3,1.4800E3,,,,,153.00003E-3,9.200000,
,,,154.00003E-3,1.4600E3,,,,,154.00003E-3,9.200000,
,,,155.00003E-3,1.4600E3,,,,,155.00003E-3,9.200000,
,,,156.00003E-3,1.4600E3,,,,,156.00003E-3,9.200000,
,,,157.00002E-3,1.4800E3,,,,,157.00002E-3,9.200000,
,,,158.00002E-3,1.4600E3,,,,,158.00002E-3,9.200000,
,,,159.00002E-3,1.4800E3,,,,,159.00002E-3,8.999999,
,,,160.00003E-3,1.4600E3,,,,,160.00003E-3,8.999999,
,,,161.00003E-3,1.4800E3,,,,,161.00003E-3,8.999999,
,,,162.00003E-3,1.4800E3,,,,,162.00003E-3,9.200000,
,,,163.00003E-3,1.4600E3,,,,,163.00003E-3,9.200000,
,,,164.00002E-3,1.4800E3,,,,,164.00002E-3,9.200000,
,,,165.00002E-3,1.4800E3,,,,,165.00002E-3,9.200000,
,,,166.00002E-3,1.4800E3,,,,,166.00002E-3,9.200000,
,,,167.00003E-3,1.4800E3,,,,,167.00003E-3,9.200000,
,,,168.00003E-3,1.4600E3,,,,,168.00003E-3,9.200000,
,,,169.00003E-3,1.4800E3,,,,,169.00003E-3,9.200000,
,,,170.00003E-3,1.4800E3,,,,,170.00003E-3,9.200000,
,,,171.00003E-3,1.4600E3,,,,,171.00003E-3,9.200000,
,,,172.00002E-3,1.4600E3,,,,,172.00002E-3,9.200000,
,,,173.00002E-3,1.4600E3,,,,,173.00002E-3,9.400000,
,,,174.00002E-3,1.4600E3,,,,,174.00002E-3,9.200000,
,,,175.00003E-3,1.4600E3,,,,,175.00003E-3,9.200000,
,,,176.00003E-3,1.4600E3,,,,,176.00003E-3,9.400000,
,,,177.00003E-3,1.4800E3,,,,,177.00003E-3,9.200000,
,,,178.00003E-3,1.4600E3,,,,,178.00003E-3,9.200000,
,,,179.00002E-3,1.5000E3,,,,,179.00002E-3,9.200000,
,,,180.00002E-3,1.4600E3,,,,,180.00002E-3,9.200000,
,,,181.00002E-3,1.4600E3,,,,,181.00002E-3,9.200000,
,,,182.00003E-3,1.4800E3,,,,,182.00003E-3,9.200000,
,,,183.00003E-3,1.4800E3,,,,,183.00003E-3,9.400000,
,,,184.00003E-3,1.4800E3,,,,,184.00003E-3,9.200000,
,,,185.00003E-3,1.4800E3,,,,,185.00003E-3,9.400000,
,,,186.00003E-3,1.4800E3,,,,,186.00003E-3,9.400000,
,,,187.00002E-3,1.4600E3,,,,,187.00002E-3,9.200000,
,,,188.00002E-3,1.4600E3,,,,,188.00002E-3,9.400000,
,,,189.00003E-3,1.4800E3,,,,,189.00003E-3,9.200000,
,,,190.00003E-3,1.5000E3,,,,,190.00003E-3,9.200000,
,,,191.00003E-3,1.4800E3,,,,,191.00003E-3,9.200000,
,,,192.00003E-3,1.4800E3,,,,,192.00003E-3,9.200000,
,,,193.00003E-3,1.4800E3,,,,,193.00003E-3,9.400000,
,,,194.00002E-3,1.4800E3,,,,,194.00002E-3,9.400000,
,,,195.00002E-3,1.4800E3,,,,,195.00002E-3,9.400000,
,,,196.00002E-3,1.4800E3,,,,,196.00002E-3,9.400000,
,,,197.00003E-3,1.4800E3,,,,,197.00003E-3,9.400000,
,,,198.00003E-3,1.5000E3,,,,,198.00003E-3,9.400000,
,,,199.00003E-3,1.4800E3,,,,,199.00003E-3,9.400000,
,,,200.00003E-3,1.4800E3,,,,,200.00003E-3,9.599999,
,,,201.00003E-3,1.4800E3,,,,,201.00003E-3,9.599999,
,,,202.00002E-3,1.4800E3,,,,,202.00002E-3,9.599999,
,,,203.00002E-3,1.4600E3,,,,,203.00002E-3,9.599999,
,,,204.00003E-3,1.4800E3,,,,,204.00003E-3,9.599999,
,,,205.00003E-3,1.4800E3,,,,,205.00003E-3,9.400000,
,,,206.00003E-3,1.4800E3,,,,,206.00003E-3,9.599999,
,,,207.00003E-3,1.4600E3,,,,,207.00003E-3,9.400000,
,,,208.00003E-3,1.4800E3,,,,,208.00003E-3,9.400000,
,,,209.00002E-3,1.4800E3,,,,,209.00002E-3,9.400000,
,,,210.00002E-3,1.4800E3,,,,,210.00002E-3,9.400000,
,,,211.00003E-3,1.4600E3,,,,,211.00003E-3,9.400000,
,,,212.00003E-3,1.4600E3,,,,,212.00003E-3,9.400000,
,,,213.00003E-3,1.4800E3,,,,,213.00003E-3,9.400000,
,,,214.00003E-3,1.4800E3,,,,,214.00003E-3,9.400000,
,,,215.00003E-3,1.4600E3,,,,,215.00003E-3,9.400000,
,,,216.00004E-3,1.4800E3,,,,,216.00004E-3,9.400000,
,,,217.00002E-3,1.4600E3,,,,,217.00002E-3,9.400000,
,,,218.00002E-3,1.4800E3,,,,,218.00002E-3,9.400000,
,,,219.00003E-3,1.4800E3,,,,,219.00003E-3,9.400000,
,,,220.00003E-3,1.4800E3,,,,,220.00003E-3,9.599999,
,,,221.00003E-3,1.4600E3,,,,,221.00003E-3,9.400000,
,,,222.00003E-3,1.4600E3,,,,,222.00003E-3,9.400000,
,,,223.00003E-3,1.4800E3,,,,,223.00003E-3,9.400000,
,,,224.00002E-3,1.4800E3,,,,,224.00002E-3,9.400000,
,,,225.00002E-3,1.5000E3,,,,,225.00002E-3,9.400000,
,,,226.00003E-3,1.4800E3,,,,,226.00003E-3,9.400000,
,,,227.00003E-3,1.4800E3,,,,,227.00003E-3,9.599999,
,,,228.00003E-3,1.4800E3,,,,,228.00003E-3,9.599999,
,,,229.00003E-3,1.4800E3,,,,,229.00003E-3,9.599999,
,,,230.00003E-3,1.4600E3,,,,,230.00003E-3,9.599999,
,,,231.00004E-3,1.4800E3,,,,,231.00004E-3,9.599999,
,,,232.00002E-3,1.4600E3,,,,,232.00002E-3,9.599999,
,,,233.00003E-3,1.4800E3,,,,,233.00003E-3,9.599999,
,,,234.00003E-3,1.4600E3,,,,,234.00003E-3,9.599999,
,,,235.00003E-3,1.4800E3,,,,,235.00003E-3,9.599999,
,,,236.00003E-3,1.4800E3,,,,,236.00003E-3,9.599999,
,,,237.00003E-3,1.4800E3,,,,,237.00003E-3,9.799999,
,,,238.00004E-3,1.4800E3,,,,,238.00004E-3,9.599999,
,,,239.00002E-3,1.4800E3,,,,,239.00002E-3,9.599999,
,,,240.00002E-3,1.4800E3,,,,,240.00002E-3,9.599999,
,,,241.00003E-3,1.4800E3,,,,,241.00003E-3,9.599999,
,,,242.00003E-3,1.4600E3,,,,,242.00003E-3,9.599999,
,,,243.00003E-3,1.4800E3,,,,,243.00003E-3,9.599999,
,,,244.00003E-3,1.4800E3,,,,,244.00003E-3,9.599999,
,,,245.00003E-3,1.4800E3,,,,,245.00003E-3,9.400000,
,,,246.00004E-3,1.4600E3,,,,,246.00004E-3,9.599999,
,,,247.00002E-3,1.4800E3,,,,,247.00002E-3,9.599999,
,,,248.00003E-3,1.4800E3,,,,,248.00003E-3,9.400000,
,,,249.00003E-3,1.5000E3,,,,,249.00003E-3,9.400000,
,,,250.00003E-3,1.4600E3,,,,,250.00003E-3,9.400000,
,,,251.00002E-3,1.4800E3,,,,,251.00002E-3,9.599999,
,,,252.00003E-3,1.4600E3,,,,,252.00003E-3,9.400000,
,,,253.00002E-3,1.4600E3,,,,,253.00002E-3,9.599999,
,,,254.00004E-3,1.5000E3,,,,,254.00004E-3,9.599999,
,,,255.00003E-3,1.4800E3,,,,,255.00003E-3,9.599999,
,,,256.00004E-3,1.4800E3,,,,,256.00004E-3,9.599999,
,,,257.00003E-3,1.4800E3,,,,,257.00003E-3,9.599999,
,,,258.00002E-3,1.4800E3,,,,,258.00002E-3,9.599999,
,,,259.00003E-3,1.4800E3,,,,,259.00003E-3,9.599999,
,,,260.00002E-3,1.4800E3,,,,,260.00002E-3,9.599999,
,,,261.00004E-3,1.5000E3,,,,,261.00004E-3,9.400000,
,,,262.00002E-3,1.4800E3,,,,,262.00002E-3,9.599999,
,,,263.00004E-3,1.4800E3,,,,,263.00004E-3,9.400000,
,,,264.00003E-3,1.4800E3,,,,,264.00003E-3,9.599999,
,,,265.00005E-3,1.4600E3,,,,,265.00005E-3,9.599999,
,,,266.00003E-3,1.4800E3,,,,,266.00003E-3,9.400000,
,,,267.00002E-3,1.4600E3,,,,,267.00002E-3,9.599999,
,,,268.00004E-3,1.4800E3,,,,,268.00004E-3,9.400000,
,,,269.00002E-3,1.4800E3,,,,,269.00002E-3,9.400000,
,,,270.00004E-3,1.4800E3,,,,,270.00004E-3,9.400000,
,,,271.00003E-3,1.4800E3,,,,,271.00003E-3,9.599999,
,,,272.00004E-3,1.4800E3,,,,,272.00004E-3,9.400000,
,,,273.00003E-3,1.4800E3,,,,,273.00003E-3,9.400000,
,,,274.00002E-3,1.4800E3,,,,,274.00002E-3,9.599999,
,,,275.00004E-3,1.4600E3,,,,,275.00004E-3,9.400000,
,,,276.00002E-3,1.4600E3,,,,,276.00002E-3,9.400000,
,,,277.00004E-3,1.5000E3,,,,,277.00004E-3,9.400000,
,,,278.00003E-3,1.4800E3,,,,,278.00003E-3,9.599999,
,,,279.00004E-3,1.4800E3,,,,,279.00004E-3,9.599999,
,,,280.00003E-3,1.4800E3,,,,,280.00003E-3,9.599999,
,,,281.00002E-3,1.5000E3,,,,,281.00002E-3,9.599999,
,,,282.00004E-3,1.4800E3,,,,,282.00004E-3,9.599999,
,,,283.00002E-3,1.4800E3,,,,,283.00002E-3,9.799999,
,,,284.00004E-3,1.5000E3,,,,,284.00004E-3,9.599999,
,,,285.00003E-3,1.4800E3,,,,,285.00003E-3,9.599999,
,,,286.00004E-3,1.4800E3,,,,,286.00004E-3,9.599999,
,,,287.00003E-3,1.4800E3,,,,,287.00003E-3,9.599999,
,,,288.00002E-3,1.4800E3,,,,,288.00002E-3,9.599999,
,,,289.00003E-3,1.4800E3,,,,,289.00003E-3,9.599999,
,,,290.00002E-3,1.4600E3,,,,,290.00002E-3,9.599999,
,,,291.00004E-3,1.4800E3,,,,,291.00004E-3,9.599999,
,,,292.00003E-3,1.4800E3,,,,,292.00003E-3,9.599999,
,,,293.00004E-3,1.4800E3,,,,,293.00004E-3,9.599999,
,,,294.00003E-3,1.4800E3,,,,,294.00003E-3,9.599999,
,,,295.00005E-3,1.4800E3,,,,,295.00005E-3,9.599999,
,,,296.00003E-3,1.4800E3,,,,,296.00003E-3,9.599999,
,,,297.00002E-3,1.4800E3,,,,,297.00002E-3,9.599999,
,,,298.00004E-3,1.5000E3,,,,,298.00004E-3,9.599999,
,,,299.00002E-3,1.4800E3,,,,,299.00002E-3,9.599999,
,,,300.00004E-3,1.4800E3,,,,,300.00004E-3,9.599999,
,,,301.00003E-3,1.4800E3,,,,,301.00003E-3,9.599999,
,,,302.00005E-3,1.4800E3,,,,,302.00005E-3,9.599999,
,,,303.00003E-3,1.4800E3,,,,,303.00003E-3,9.599999,
,,,304.00002E-3,1.4800E3,,,,,304.00002E-3,9.599999,
,,,305.00004E-3,1.4800E3,,,,,305.00004E-3,9.599999,
,,,306.00002E-3,1.4800E3,,,,,306.00002E-3,9.599999,
,,,307.00004E-3,1.4800E3,,,,,307.00004E-3,9.599999,
,,,308.00003E-3,1.4800E3,,,,,308.00003E-3,9.799999,
,,,309.00005E-3,1.4800E3,,,,,309.00005E-3,9.599999,
,,,310.00003E-3,1.4800E3,,,,,310.00003E-3,9.799999,
,,,311.00002E-3,1.4800E3,,,,,311.00002E-3,9.799999,
,,,312.00004E-3,1.4800E3,,,,,312.00004E-3,9.799999,
,,,313.00002E-3,1.4600E3,,,,,313.00002E-3,9.799999,
,,,314.00004E-3,1.4800E3,,,,,314.00004E-3,9.799999,
,,,315.00003E-3,1.4800E3,,,,,315.00003E-3,9.799999,
,,,316.00004E-3,1.4800E3,,,,,316.00004E-3,9.799999,
,,,317.00003E-3,1.5000E3,,,,,317.00003E-3,9.799999,
,,,318.00002E-3,1.4800E3,,,,,318.00002E-3,9.599999,
,,,319.00004E-3,1.4800E3,,,,,319.00004E-3,9.799999,
,,,320.00002E-3,1.4800E3,,,,,320.00002E-3,9.799999,
,,,321.00004E-3,1.4800E3,,,,,321.00004E-3,9.599999,
,,,322.00003E-3,1.4600E3,,,,,322.00003E-3,9.599999,
,,,323.00004E-3,1.5000E3,,,,,323.00004E-3,9.799999,
,,,324.00003E-3,1.4800E3,,,,,324.00003E-3,9.599999,
,,,325.00005E-3,1.4800E3,,,,,325.00005E-3,9.799999,
,,,326.00003E-3,1.4600E3,,,,,326.00003E-3,9.599999,
,,,327.00002E-3,1.4800E3,,,,,327.00002E-3,9.599999,
,,,328.00004E-3,1.4600E3,,,,,328.00004E-3,9.599999,
,,,329.00003E-3,1.4800E3,,,,,329.00003E-3,9.599999,
,,,330.00004E-3,1.4800E3,,,,,330.00004E-3,9.599999,
,,,331.00003E-3,1.4800E3,,,,,331.00003E-3,9.599999,
,,,332.00005E-3,1.5000E3,,,,,332.00005E-3,9.599999,
,,,333.00003E-3,1.4800E3,,,,,333.00003E-3,9.599999,
,,,334.00002E-3,1.4600E3,,,,,334.00002E-3,9.799999,
,,,335.00004E-3,1.4800E3,,,,,335.00004E-3,9.799999,
,,,336.00003E-3,1.4800E3,,,,,336.00003E-3,9.799999,
,,,337.00004E-3,1.4800E3,,,,,337.00004E-3,9.599999,
,,,338.00003E-3,1.4800E3,,,,,338.00003E-3,9.599999,
,,,339.00005E-3,1.4800E3,,,,,339.00005E-3,9.599999,
,,,340.00003E-3,1.4800E3,,,,,340.00003E-3,9.599999,
,,,341.00002E-3,1.4800E3,,,,,341.00002E-3,9.599999,
,,,342.00004E-3,1.4800E3,,,,,342.00004E-3,9.599999,
,,,343.00002E-3,1.4800E3,,,,,343.00002E-3,9.599999,
,,,344.00004E-3,1.4800E3,,,,,344.00004E-3,9.599999,
,,,345.00003E-3,1.4800E3,,,,,345.00003E-3,9.799999,
,,,346.00005E-3,1.4800E3,,,,,346.00005E-3,9.599999,
,,,347.00003E-3,1.4800E3,,,,,347.00003E-3,9.799999,
,,,348.00005E-3,1.4800E3,,,,,348.00005E-3,9.799999,
,,,349.00004E-3,1.4800E3,,,,,349.00004E-3,9.799999,
,,,350.00002E-3,1.4600E3,,,,,350.00002E-3,9.799999,
,,,351.00004E-3,1.4800E3,,,,,351.00004E-3,9.799999,
,,,352.00003E-3,1.4800E3,,,,,352.00003E-3,9.799999,
,,,353.00004E-3,1.5000E3,,,,,353.00004E-3,9.799999,
,,,354.00003E-3,1.5000E3,,,,,354.00003E-3,9.599999,
,,,355.00005E-3,1.4800E3,,,,,355.00005E-3,9.599999,
,,,356.00004E-3,1.4800E3,,,,,356.00004E-3,9.599999,
,,,357.00002E-3,1.4800E3,,,,,357.00002E-3,9.799999,
,,,358.00004E-3,1.4800E3,,,,,358.00004E-3,9.799999,
,,,359.00003E-3,1.4800E3,,,,,359.00003E-3,9.799999,
,,,360.00004E-3,1.4800E3,,,,,360.00004E-3,9.799999,
,,,361.00003E-3,1.5000E3,,,,,361.00003E-3,9.799999,
,,,362.00005E-3,1.4800E3,,,,,362.00005E-3,9.799999,
,,,363.00004E-3,1.4800E3,,,,,363.00004E-3,9.799999,
,,,364.00002E-3,1.4800E3,,,,,364.00002E-3,9.799999,
,,,365.00004E-3,1.4800E3,,,,,365.00004E-3,9.799999,
,,,366.00003E-3,1.4800E3,,,,,366.00003E-3,9.799999,
,,,367.00004E-3,1.4600E3,,,,,367.00004E-3,9.799999,
,,,368.00003E-3,1.4800E3,,,,,368.00003E-3,9.799999,
,,,369.00005E-3,1.4800E3,,,,,369.00005E-3,9.799999,
,,,370.00003E-3,1.5000E3,,,,,370.00003E-3,9.799999,
,,,371.00002E-3,1.4800E3,,,,,371.00002E-3,9.799999,
,,,372.00004E-3,1.5000E3,,,,,372.00004E-3,9.799999,
,,,373.00003E-3,1.4600E3,,,,,373.00003E-3,9.799999,
,,,374.00004E-3,1.4800E3,,,,,374.00004E-3,9.799999,
,,,375.00003E-3,1.4800E3,,,,,375.00003E-3,9.999999,
,,,376.00005E-3,1.4800E3,,,,,376.00005E-3,9.799999,
,,,377.00003E-3,1.4800E3,,,,,377.00003E-3,9.799999,
,,,378.00005E-3,1.5000E3,,,,,378.00005E-3,9.799999,
,,,379.00004E-3,1.4800E3,,,,,379.00004E-3,9.799999,
,,,380.00003E-3,1.4800E3,,,,,380.00003E-3,9.799999,
,,,381.00004E-3,1.4800E3,,,,,381.00004E-3,9.999999,
,,,382.00003E-3,1.5000E3,,,,,382.00003E-3,9.999999,
,,,383.00005E-3,1.4800E3,,,,,383.00005E-3,9.999999,
,,,384.00003E-3,1.5000E3,,,,,384.00003E-3,9.999999,
,,,385.00005E-3,1.4800E3,,,,,385.00005E-3,9.999999,
,,,386.00004E-3,1.4600E3,,,,,386.00004E-3,9.799999,
,,,387.00002E-3,1.5000E3,,,,,387.00002E-3,9.999999,
,,,388.00004E-3,1.5000E3,,,,,388.00004E-3,9.999999,
,,,389.00003E-3,1.4800E3,,,,,389.00003E-3,9.999999,
,,,390.00005E-3,1.4800E3,,,,,390.00005E-3,9.999999,
,,,391.00003E-3,1.4800E3,,,,,391.00003E-3,9.799999,
,,,392.00005E-3,1.4800E3,,,,,392.00005E-3,9.999999,
,,,393.00004E-3,1.4800E3,,,,,393.00004E-3,9.799999,
,,,394.00002E-3,1.4800E3,,,,,394.00002E-3,9.999999,
,,,395.00004E-3,1.4800E3,,,,,395.00004E-3,9.999999,
,,,396.00003E-3,1.4800E3,,,,,396.00003E-3,9.999999,
,,,397.00004E-3,1.4800E3,,,,,397.00004E-3,9.999999,
,,,398.00003E-3,1.4800E3,,,,,398.00003E-3,9.999999,
,,,399.00005E-3,1.4800E3,,,,,399.00005E-3,9.799999,
,,,400.00004E-3,1.4800E3,,,,,400.00004E-3,9.799999,
,,,401.00002E-3,1.4800E3,,,,,401.00002E-3,9.799999,
,,,402.00004E-3,1.5000E3,,,,,402.00004E-3,9.799999,
,,,403.00003E-3,1.5000E3,,,,,403.00003E-3,9.799999,
,,,404.000044E-3,1.4800E3,,,,,404.000044E-3,9.799999,
,,,405.000031E-3,1.4800E3,,,,,405.000031E-3,9.799999,
,,,406.000048E-3,1.4800E3,,,,,406.000048E-3,9.799999,
,,,407.000035E-3,1.4800E3,,,,,407.000035E-3,9.799999,
,,,408.000052E-3,1.4800E3,,,,,408.000052E-3,9.799999,
,,,409.000039E-3,1.5000E3,,,,,409.000039E-3,9.799999,
,,,410.000026E-3,1.4800E3,,,,,410.000026E-3,9.799999,
,,,411.000043E-3,1.4800E3,,,,,411.000043E-3,9.799999,
,,,412.000030E-3,1.4600E3,,,,,412.000030E-3,9.999999,
,,,413.000047E-3,1.5000E3,,,,,413.000047E-3,9.999999,
,,,414.000034E-3,1.4800E3,,,,,414.000034E-3,9.999999,
,,,415.000051E-3,1.4800E3,,,,,415.000051E-3,9.999999,
,,,416.000038E-3,1.4800E3,,,,,416.000038E-3,9.999999,
,,,417.000026E-3,1.4600E3,,,,,417.000026E-3,9.999999,
,,,418.000042E-3,1.5000E3,,,,,418.000042E-3,9.999999,
,,,419.000030E-3,1.4800E3,,,,,419.000030E-3,9.999999,
,,,420.000046E-3,1.4800E3,,,,,420.000046E-3,9.799999,
,,,421.000034E-3,1.4800E3,,,,,421.000034E-3,9.999999,
,,,422.000051E-3,1.4800E3,,,,,422.000051E-3,9.999999,
,,,423.000038E-3,1.4800E3,,,,,423.000038E-3,9.999999,
,,,424.000025E-3,1.4800E3,,,,,424.000025E-3,9.999999,
,,,425.000042E-3,1.4800E3,,,,,425.000042E-3,9.999999,
,,,426.000029E-3,1.4800E3,,,,,426.000029E-3,9.799999,
,,,427.000046E-3,1.4800E3,,,,,427.000046E-3,9.799999,
,,,428.000033E-3,1.4800E3,,,,,428.000033E-3,9.999999,
,,,429.000050E-3,1.4800E3,,,,,429.000050E-3,9.799999,
,,,430.000037E-3,1.4800E3,,,,,430.000037E-3,9.799999,
,,,431.000024E-3,1.5000E3,,,,,431.000024E-3,9.999999,
,,,432.000041E-3,1.4800E3,,,,,432.000041E-3,9.999999,
,,,433.000028E-3,1.4800E3,,,,,433.000028E-3,9.999999,
,,,434.000045E-3,1.4800E3,,,,,434.000045E-3,9.999999,
,,,435.000032E-3,1.5000E3,,,,,435.000032E-3,9.799999,
,,,436.000049E-3,1.5000E3,,,,,436.000049E-3,9.799999,
,,,437.000036E-3,1.5000E3,,,,,437.000036E-3,9.799999,
,,,438.000053E-3,1.4800E3,,,,,438.000053E-3,9.999999,
,,,439.000040E-3,1.5000E3,,,,,439.000040E-3,9.799999,
,,,440.000027E-3,1.4800E3,,,,,440.000027E-3,9.999999,
,,,441.000044E-3,1.4800E3,,,,,441.000044E-3,9.799999,
,,,442.000031E-3,1.4800E3,,,,,442.000031E-3,9.799999,
,,,443.000048E-3,1.4800E3,,,,,443.000048E-3,9.799999,
,,,444.000036E-3,1.5000E3,,,,,444.000036E-3,9.799999,
,,,445.000052E-3,1.4800E3,,,,,445.000052E-3,9.799999,
,,,446.000040E-3,1.5000E3,,,,,446.000040E-3,9.599999,
,,,447.000027E-3,1.5000E3,,,,,447.000027E-3,9.799999,
,,,448.000044E-3,1.4800E3,,,,,448.000044E-3,9.799999,
,,,449.000031E-3,1.4800E3,,,,,449.000031E-3,9.799999,
,,,450.000048E-3,1.5000E3,,,,,450.000048E-3,9.799999,
,,,451.000035E-3,1.4800E3,,,,,451.000035E-3,9.799999,
,,,452.000052E-3,1.4800E3,,,,,452.000052E-3,9.799999,
,,,453.000039E-3,1.4800E3,,,,,453.000039E-3,9.799999,
,,,454.000026E-3,1.4800E3,,,,,454.000026E-3,9.799999,
,,,455.000043E-3,1.5000E3,,,,,455.000043E-3,9.799999,
,,,456.000030E-3,1.4800E3,,,,,456.000030E-3,9.799999,
,,,457.000047E-3,1.4800E3,,,,,457.000047E-3,9.799999,
,,,458.000034E-3,1.4800E3,,,,,458.000034E-3,9.799999,
,,,459.000051E-3,1.4800E3,,,,,459.000051E-3,9.799999,
,,,460.000038E-3,1.5000E3,,,,,460.000038E-3,9.799999,
,,,461.000055E-3,1.4800E3,,,,,461.000055E-3,9.799999,
,,,462.000042E-3,1.5000E3,,,,,462.000042E-3,9.799999,
,,,463.000029E-3,1.4800E3,,,,,463.000029E-3,9.799999,
,,,464.000046E-3,1.4800E3,,,,,464.000046E-3,9.799999,
,,,465.000033E-3,1.4800E3,,,,,465.000033E-3,9.799999,
,,,466.000050E-3,1.5000E3,,,,,466.000050E-3,9.799999,
,,,467.000037E-3,1.4800E3,,,,,467.000037E-3,9.799999,
,,,468.000054E-3,1.4800E3,,,,,468.000054E-3,9.799999,
,,,469.000041E-3,1.4800E3,,,,,469.000041E-3,9.999999,
,,,470.000029E-3,1.4800E3,,,,,470.000029E-3,9.999999,
,,,471.000046E-3,1.5000E3,,,,,471.000046E-3,9.799999,
,,,472.000033E-3,1.4800E3,,,,,472.000033E-3,9.799999,
,,,473.000050E-3,1.4800E3,,,,,473.000050E-3,9.799999,
,,,474.000037E-3,1.5000E3,,,,,474.000037E-3,9.799999,
,,,475.000054E-3,1.4800E3,,,,,475.000054E-3,9.799999,
,,,476.000041E-3,1.5000E3,,,,,476.000041E-3,9.799999,
,,,477.000028E-3,1.4800E3,,,,,477.000028E-3,9.799999,
,,,478.000045E-3,1.5000E3,,,,,478.000045E-3,9.799999,
,,,479.000032E-3,1.5000E3,,,,,479.000032E-3,9.799999,
,,,480.000049E-3,1.4800E3,,,,,480.000049E-3,9.799999,
,,,481.000036E-3,1.5000E3,,,,,481.000036E-3,9.999999,
,,,482.000053E-3,1.4800E3,,,,,482.000053E-3,9.799999,
,,,483.000040E-3,1.5000E3,,,,,483.000040E-3,9.799999,
,,,484.000027E-3,1.4800E3,,,,,484.000027E-3,9.799999,
,,,485.000044E-3,1.5000E3,,,,,485.000044E-3,9.799999,
,,,486.000031E-3,1.4800E3,,,,,486.000031E-3,9.799999,
,,,487.000048E-3,1.5000E3,,,,,487.000048E-3,9.799999,
,,,488.000035E-3,1.4800E3,,,,,488.000035E-3,9.999999,
,,,489.000052E-3,1.4800E3,,,,,489.000052E-3,9.799999,
,,,490.000039E-3,1.4800E3,,,,,490.000039E-3,9.799999,
,,,491.000056E-3,1.4800E3,,,,,491.000056E-3,9.799999,
,,,492.000043E-3,1.5000E3,,,,,492.000043E-3,9.799999,
,,,493.000031E-3,1.4800E3,,,,,493.000031E-3,9.799999,
,,,494.000047E-3,1.4800E3,,,,,494.000047E-3,9.799999,
,,,495.000035E-3,1.4800E3,,,,,495.000035E-3,9.799999,
,,,496.000051E-3,1.4800E3,,,,,496.000051E-3,9.799999,
,,,497.000039E-3,1.4800E3,,,,,497.000039E-3,9.799999,
,,,498.000056E-3,1.4800E3,,,,,498.000056E-3,9.799999,
,,,499.000043E-3,1.4800E3,,,,,499.000043E-3,9.599999,
,,,500.000060E-3,1.4800E3,,,,,500.000060E-3,9.799999,
,,,501.000047E-3,1.4800E3,,,,,501.000047E-3,9.799999,
,,,502.000034E-3,1.4800E3,,,,,502.000034E-3,9.599999,
,,,503.000021E-3,1.4600E3,,,,,503.000021E-3,9.599999,
,,,504.000068E-3,1.4800E3,,,,,504.000068E-3,9.799999,
,,,505.000055E-3,1.5000E3,,,,,505.000055E-3,9.799999,
,,,506.000042E-3,1.4800E3,,,,,506.000042E-3,9.799999,
,,,507.000029E-3,1.4800E3,,,,,507.000029E-3,9.799999,
,,,508.000016E-3,1.4800E3,,,,,508.000016E-3,9.799999,
,,,509.000063E-3,1.4800E3,,,,,509.000063E-3,9.999999,
,,,510.000050E-3,1.4800E3,,,,,510.000050E-3,9.799999,
,,,511.000037E-3,1.4800E3,,,,,511.000037E-3,9.999999,
,,,512.000024E-3,1.5000E3,,,,,512.000024E-3,9.999999,
,,,513.000071E-3,1.4800E3,,,,,513.000071E-3,9.999999,
,,,514.000058E-3,1.4800E3,,,,,514.000058E-3,9.999999,
,,,515.000045E-3,1.4800E3,,,,,515.000045E-3,9.999999,
,,,516.000032E-3,1.4800E3,,,,,516.000032E-3,9.999999,
,,,517.000020E-3,1.5000E3,,,,,517.000020E-3,9.999999,
,,,518.000066E-3,1.4800E3,,,,,518.000066E-3,9.999999,
,,,519.000053E-3,1.4800E3,,,,,519.000053E-3,9.999999,
,,,520.000041E-3,1.5000E3,,,,,520.000041E-3,9.799999,
,,,521.000028E-3,1.5000E3,,,,,521.000028E-3,9.799999,
,,,522.000015E-3,1.5000E3,,,,,522.000015E-3,9.799999,
,,,523.000062E-3,1.4600E3,,,,,523.000062E-3,9.799999,
,,,524.000049E-3,1.4800E3,,,,,524.000049E-3,9.599999,
,,,525.000036E-3,1.4800E3,,,,,525.000036E-3,9.999999,
,,,526.000023E-3,1.4800E3,,,,,526.000023E-3,9.799999,
,,,527.000070E-3,1.5000E3,,,,,527.000070E-3,9.799999,
,,,528.000057E-3,1.5000E3,,,,,528.000057E-3,9.799999,
,,,529.000044E-3,1.4800E3,,,,,529.000044E-3,9.799999,
,,,530.000031E-3,1.5000E3,,,,,530.000031E-3,9.999999,
,,,531.000018E-3,1.4800E3,,,,,531.000018E-3,9.999999,
,,,532.000065E-3,1.4800E3,,,,,532.000065E-3,9.999999,
,,,533.000052E-3,1.5000E3,,,,,533.000052E-3,9.999999,
,,,534.000039E-3,1.5200E3,,,,,534.000039E-3,9.999999,
,,,535.000026E-3,1.4800E3,,,,,535.000026E-3,9.999999,
,,,536.000073E-3,1.5000E3,,,,,536.000073E-3,9.999999,
,,,537.000060E-3,1.4600E3,,,,,537.000060E-3,9.799999,
,,,538.000047E-3,1.4600E3,,,,,538.000047E-3,9.799999,
,,,539.000034E-3,1.4800E3,,,,,539.000034E-3,9.999999,
,,,540.000021E-3,1.5000E3,,,,,540.000021E-3,9.999999,
,,,541.000068E-3,1.4800E3,,,,,541.000068E-3,9.999999,
,,,542.000055E-3,1.5000E3,,,,,542.000055E-3,9.999999,
,,,543.000042E-3,1.4800E3,,,,,543.000042E-3,9.999999,
,,,544.000030E-3,1.4800E3,,,,,544.000030E-3,9.999999,
,,,545.000017E-3,1.5000E3,,,,,545.000017E-3,9.999999,
,,,546.000063E-3,1.5000E3,,,,,546.000063E-3,9.999999,
,,,547.000051E-3,1.4800E3,,,,,547.000051E-3,9.999999,
,,,548.000038E-3,1.4800E3,,,,,548.000038E-3,9.999999,
,,,549.000025E-3,1.5000E3,,,,,549.000025E-3,9.999999,
,,,550.000072E-3,1.5000E3,,,,,550.000072E-3,9.999999,
,,,551.000059E-3,1.5000E3,,,,,551.000059E-3,9.999999,
,,,552.000046E-3,1.4800E3,,,,,552.000046E-3,9.999999,
,,,553.000033E-3,1.5000E3,,,,,553.000033E-3,9.999999,
,,,554.000020E-3,1.4800E3,,,,,554.000020E-3,9.999999,
,,,555.000067E-3,1.4800E3,,,,,555.000067E-3,10.2000,
,,,556.000054E-3,1.4800E3,,,,,556.000054E-3,9.999999,
,,,557.000041E-3,1.5000E3,,,,,557.000041E-3,9.999999,
,,,558.000028E-3,1.5000E3,,,,,558.000028E-3,9.999999,
,,,559.000015E-3,1.4800E3,,,,,559.000015E-3,9.999999,
,,,560.000062E-3,1.5000E3,,,,,560.000062E-3,9.999999,
,,,561.000049E-3,1.5000E3,,,,,561.000049E-3,9.799999,
,,,562.000036E-3,1.5000E3,,,,,562.000036E-3,9.999999,
,,,563.000023E-3,1.5000E3,,,,,563.000023E-3,9.999999,
,,,564.000070E-3,1.5000E3,,,,,564.000070E-3,9.999999,
,,,565.000057E-3,1.5000E3,,,,,565.000057E-3,9.999999,
,,,566.000044E-3,1.4800E3,,,,,566.000044E-3,9.999999,
,,,567.000031E-3,1.4800E3,,,,,567.000031E-3,9.999999,
,,,568.000019E-3,1.5000E3,,,,,568.000019E-3,9.999999,
,,,569.000065E-3,1.4800E3,,,,,569.000065E-3,9.999999,
,,,570.000052E-3,1.5000E3,,,,,570.000052E-3,9.799999,
,,,571.000040E-3,1.4600E3,,,,,571.000040E-3,9.999999,
,,,572.000027E-3,1.4800E3,,,,,572.000027E-3,9.999999,
,,,573.000073E-3,1.4800E3,,,,,573.000073E-3,9.999999,
,,,574.000061E-3,1.4800E3,,,,,574.000061E-3,9.999999,
,,,575.000048E-3,1.4800E3,,,,,575.000048E-3,9.999999,
,,,576.000035E-3,1.4800E3,,,,,576.000035E-3,9.999999,
,,,577.000022E-3,1.4800E3,,,,,577.000022E-3,9.999999,
,,,578.000069E-3,1.5000E3,,,,,578.000069E-3,9.999999,
,,,579.000056E-3,1.4800E3,,,,,579.000056E-3,9.999999,
,,,580.000043E-3,1.4800E3,,,,,580.000043E-3,9.999999,
,,,581.000030E-3,1.4800E3,,,,,581.000030E-3,9.799999,
,,,582.000017E-3,1.4800E3,,,,,582.000017E-3,9.999999,
,,,583.000064E-3,1.4800E3,,,,,583.000064E-3,9.999999,
,,,584.000051E-3,1.5000E3,,,,,584.000051E-3,9.999999,
,,,585.000038E-3,1.4800E3,,,,,585.000038E-3,9.999999,
,,,586.000025E-3,1.4800E3,,,,,586.000025E-3,9.799999,
,,,587.000072E-3,1.5000E3,,,,,587.000072E-3,9.799999,
,,,588.000059E-3,1.4800E3,,,,,588.000059E-3,9.999999,
,,,589.000046E-3,1.4800E3,,,,,589.000046E-3,9.999999,
,,,590.000033E-3,1.4800E3,,,,,590.000033E-3,9.999999,
,,,591.000021E-3,1.4800E3,,,,,591.000021E-3,9.999999,
,,,592.000067E-3,1.5000E3,,,,,592.000067E-3,9.999999,
,,,593.000054E-3,1.4800E3,,,,,593.000054E-3,9.999999,
,,,594.000041E-3,1.5000E3,,,,,594.000041E-3,9.999999,
,,,595.000029E-3,1.5000E3,,,,,595.000029E-3,9.999999,
,,,596.000075E-3,1.5000E3,,,,,596.000075E-3,9.799999,
,,,597.000062E-3,1.4800E3,,,,,597.000062E-3,9.999999,
,,,598.000050E-3,1.5000E3,,,,,598.000050E-3,9.799999,
,,,599.000037E-3,1.5000E3,,,,,599.000037E-3,9.999999,
,,,600.000024E-3,1.4800E3,,,,,600.000024E-3,9.799999,
,,,601.000071E-3,1.5000E3,,,,,601.000071E-3,9.999999,
,,,602.000058E-3,1.4800E3,,,,,602.000058E-3,9.799999,
,,,603.000045E-3,1.5000E3,,,,,603.000045E-3,9.999999,
,,,604.000032E-3,1.5000E3,,,,,604.000032E-3,10.2000,
,,,605.000019E-3,1.4800E3,,,,,605.000019E-3,9.999999,
,,,606.000066E-3,1.5000E3,,,,,606.000066E-3,9.999999,
,,,607.000053E-3,1.4800E3,,,,,607.000053E-3,9.999999,
,,,608.000040E-3,1.4800E3,,,,,608.000040E-3,10.2000,
,,,609.000027E-3,1.5000E3,,,,,609.000027E-3,9.999999,
,,,610.000074E-3,1.4800E3,,,,,610.000074E-3,9.999999,
,,,611.000061E-3,1.4800E3,,,,,611.000061E-3,9.999999,
,,,612.000048E-3,1.4800E3,,,,,612.000048E-3,9.999999,
,,,613.000035E-3,1.4800E3,,,,,613.000035E-3,9.999999,
,,,614.000022E-3,1.4800E3,,,,,614.000022E-3,9.999999,
,,,615.000069E-3,1.4800E3,,,,,615.000069E-3,9.999999,
,,,616.000056E-3,1.5000E3,,,,,616.000056E-3,9.999999,
,,,617.000043E-3,1.5000E3,,,,,617.000043E-3,9.999999,
,,,618.000031E-3,1.4800E3,,,,,618.000031E-3,9.999999,
,,,619.000077E-3,1.4800E3,,,,,619.000077E-3,9.999999,
,,,620.000064E-3,1.4800E3,,,,,620.000064E-3,10.2000,
,,,621.000051E-3,1.4800E3,,,,,621.000051E-3,9.999999,
,,,622.000039E-3,1.5000E3,,,,,622.000039E-3,9.999999,
,,,623.000026E-3,1.5000E3,,,,,623.000026E-3,9.999999,
,,,624.000072E-3,1.4800E3,,,,,624.000072E-3,9.999999,
,,,625.000060E-3,1.5000E3,,,,,625.000060E-3,9.999999,
,,,626.000047E-3,1.5000E3,,,,,626.000047E-3,9.999999,
,,,627.000034E-3,1.4800E3,,,,,627.000034E-3,10.2000,
,,,628.000021E-3,1.4800E3,,,,,628.000021E-3,10.2000,
,,,629.000068E-3,1.4800E3,,,,,629.000068E-3,10.2000,
,,,630.000055E-3,1.4800E3,,,,,630.000055E-3,10.2000,
,,,631.000042E-3,1.4800E3,,,,,631.000042E-3,10.2000,
,,,632.000029E-3,1.5000E3,,,,,632.000029E-3,9.999999,
,,,633.000076E-3,1.5000E3,,,,,633.000076E-3,9.999999,
,,,634.000063E-3,1.5000E3,,,,,634.000063E-3,9.999999,
,,,635.000050E-3,1.4800E3,,,,,635.000050E-3,10.2000,
,,,636.000037E-3,1.5000E3,,,,,636.000037E-3,9.999999,
,,,637.000024E-3,1.5000E3,,,,,637.000024E-3,9.999999,
,,,638.000071E-3,1.4800E3,,,,,638.000071E-3,9.999999,
,,,639.000058E-3,1.5000E3,,,,,639.000058E-3,9.999999,
,,,640.000045E-3,1.5000E3,,,,,640.000045E-3,10.2000,
,,,641.000032E-3,1.4800E3,,,,,641.000032E-3,9.999999,
,,,642.000020E-3,1.5000E3,,,,,642.000020E-3,10.2000,
,,,643.000066E-3,1.5000E3,,,,,643.000066E-3,10.2000,
,,,644.000053E-3,1.5000E3,,,,,644.000053E-3,10.2000,
,,,645.000041E-3,1.4800E3,,,,,645.000041E-3,10.2000,
,,,646.000028E-3,1.4800E3,,,,,646.000028E-3,10.2000,
,,,647.000074E-3,1.4800E3,,,,,647.000074E-3,9.999999,
,,,648.000062E-3,1.4800E3,,,,,648.000062E-3,9.999999,
,,,649.000049E-3,1.4800E3,,,,,649.000049E-3,9.999999,
,,,650.000036E-3,1.5000E3,,,,,650.000036E-3,10.2000,
,,,651.000023E-3,1.5000E3,,,,,651.000023E-3,10.2000,
,,,652.000070E-3,1.5000E3,,,,,652.000070E-3,10.2000,
,,,653.000057E-3,1.4800E3,,,,,653.000057E-3,10.2000,
,,,654.000044E-3,1.4800E3,,,,,654.000044E-3,10.2000,
,,,655.000031E-3,1.5000E3,,,,,655.000031E-3,10.2000,
,,,656.000078E-3,1.4800E3,,,,,656.000078E-3,10.2000,
,,,657.000065E-3,1.4600E3,,,,,657.000065E-3,10.2000,
,,,658.000052E-3,1.5000E3,,,,,658.000052E-3,10.2000,
,,,659.000039E-3,1.5000E3,,,,,659.000039E-3,10.2000,
,,,660.000026E-3,1.4800E3,,,,,660.000026E-3,10.2000,
,,,661.000073E-3,1.5000E3,,,,,661.000073E-3,10.2000,
,,,662.000060E-3,1.4800E3,,,,,662.000060E-3,10.2000,
,,,663.000047E-3,1.4800E3,,,,,663.000047E-3,10.2000,
,,,664.000034E-3,1.5000E3,,,,,664.000034E-3,10.2000,
,,,665.000021E-3,1.5000E3,,,,,665.000021E-3,10.2000,
,,,666.000068E-3,1.5000E3,,,,,666.000068E-3,10.2000,
,,,667.000055E-3,1.4800E3,,,,,667.000055E-3,10.2000,
,,,668.000042E-3,1.5000E3,,,,,668.000042E-3,10.2000,
,,,669.000030E-3,1.5000E3,,,,,669.000030E-3,10.2000,
,,,670.000076E-3,1.5000E3,,,,,670.000076E-3,10.2000,
,,,671.000063E-3,1.4800E3,,,,,671.000063E-3,10.2000,
,,,672.000051E-3,1.5000E3,,,,,672.000051E-3,10.2000,
,,,673.000038E-3,1.5000E3,,,,,673.000038E-3,10.2000,
,,,674.000025E-3,1.4800E3,,,,,674.000025E-3,10.2000,
,,,675.000072E-3,1.4800E3,,,,,675.000072E-3,10.2000,
,,,676.000059E-3,1.4800E3,,,,,676.000059E-3,10.2000,
,,,677.000046E-3,1.4800E3,,,,,677.000046E-3,10.2000,
,,,678.000033E-3,1.4800E3,,,,,678.000033E-3,10.2000,
,,,679.000080E-3,1.4800E3,,,,,679.000080E-3,10.2000,
,,,680.000067E-3,1.5000E3,,,,,680.000067E-3,9.999999,
,,,681.000054E-3,1.5000E3,,,,,681.000054E-3,10.2000,
,,,682.000041E-3,1.5000E3,,,,,682.000041E-3,10.2000,
,,,683.000028E-3,1.4800E3,,,,,683.000028E-3,10.2000,
,,,684.000075E-3,1.4800E3,,,,,684.000075E-3,10.2000,
,,,685.000062E-3,1.5000E3,,,,,685.000062E-3,10.2000,
,,,686.000049E-3,1.5000E3,,,,,686.000049E-3,10.2000,
,,,687.000036E-3,1.4800E3,,,,,687.000036E-3,10.2000,
,,,688.000023E-3,1.5000E3,,,,,688.000023E-3,10.2000,
,,,689.000070E-3,1.5000E3,,,,,689.000070E-3,10.2000,
,,,690.000057E-3,1.4800E3,,,,,690.000057E-3,10.2000,
,,,691.000044E-3,1.4800E3,,,,,691.000044E-3,10.2000,
,,,692.000031E-3,1.4800E3,,,,,692.000031E-3,10.2000,
,,,693.000078E-3,1.4800E3,,,,,693.000078E-3,10.2000,
,,,694.000065E-3,1.5000E3,,,,,694.000065E-3,10.2000,
,,,695.000052E-3,1.5000E3,,,,,695.000052E-3,9.999999,
,,,696.000040E-3,1.4800E3,,,,,696.000040E-3,9.999999,
,,,697.000027E-3,1.4800E3,,,,,697.000027E-3,9.999999,
,,,698.000073E-3,1.5000E3,,,,,698.000073E-3,10.2000,
,,,699.000061E-3,1.5000E3,,,,,699.000061E-3,9.999999,
,,,700.000048E-3,1.4800E3,,,,,700.000048E-3,9.999999,
,,,701.000035E-3,1.4800E3,,,,,701.000035E-3,10.2000,
,,,702.000022E-3,1.4800E3,,,,,702.000022E-3,9.999999,
,,,703.000069E-3,1.5000E3,,,,,703.000069E-3,10.2000,
,,,704.000056E-3,1.4800E3,,,,,704.000056E-3,9.999999,
,,,705.000043E-3,1.5000E3,,,,,705.000043E-3,9.999999,
,,,706.000030E-3,1.5000E3,,,,,706.000030E-3,10.2000,
,,,707.000077E-3,1.4800E3,,,,,707.000077E-3,9.999999,
,,,708.000064E-3,1.5000E3,,,,,708.000064E-3,9.999999,
,,,709.000051E-3,1.5000E3,,,,,709.000051E-3,10.2000,
,,,710.000038E-3,1.5000E3,,,,,710.000038E-3,10.2000,
,,,711.000025E-3,1.4800E3,,,,,711.000025E-3,10.2000,
,,,712.000072E-3,1.5000E3,,,,,712.000072E-3,9.999999,
,,,713.000059E-3,1.4800E3,,,,,713.000059E-3,10.2000,
,,,714.000046E-3,1.4800E3,,,,,714.000046E-3,10.2000,
,,,715.000033E-3,1.5000E3,,,,,715.000033E-3,10.2000,
,,,716.000080E-3,1.5000E3,,,,,716.000080E-3,10.2000,
,,,717.000067E-3,1.4800E3,,,,,717.000067E-3,10.2000,
,,,718.000054E-3,1.4800E3,,,,,718.000054E-3,9.999999,
,,,719.000041E-3,1.4800E3,,,,,719.000041E-3,10.2000,
,,,720.000029E-3,1.5000E3,,,,,720.000029E-3,10.2000,
,,,721.000075E-3,1.5000E3,,,,,721.000075E-3,9.999999,
,,,722.000062E-3,1.5000E3,,,,,722.000062E-3,9.999999,
,,,723.000050E-3,1.4800E3,,,,,723.000050E-3,9.999999,
,,,724.000037E-3,1.5000E3,,,,,724.000037E-3,10.2000,
,,,725.000024E-3,1.4800E3,,,,,725.000024E-3,9.999999,
,,,726.000071E-3,1.4800E3,,,,,726.000071E-3,9.999999,
,,,727.000058E-3,1.4800E3,,,,,727.000058E-3,9.999999,
,,,728.000045E-3,1.4800E3,,,,,728.000045E-3,9.999999,
,,,729.000032E-3,1.5000E3,,,,,729.000032E-3,9.799999,
,,,730.000079E-3,1.4800E3,,,,,730.000079E-3,9.799999,
,,,731.000066E-3,1.5000E3,,,,,731.000066E-3,9.999999,
,,,732.000053E-3,1.4800E3,,,,,732.000053E-3,9.999999,
,,,733.000040E-3,1.5000E3,,,,,733.000040E-3,9.999999,
,,,734.000027E-3,1.4800E3,,,,,734.000027E-3,9.999999,
,,,735.000074E-3,1.4800E3,,,,,735.000074E-3,9.799999,
,,,736.000061E-3,1.5000E3,,,,,736.000061E-3,9.799999,
,,,737.000048E-3,1.4800E3,,,,,737.000048E-3,9.799999,
,,,738.000035E-3,1.5000E3,,,,,738.000035E-3,9.999999,
,,,739.000082E-3,1.5000E3,,,,,739.000082E-3,9.999999,
,,,740.000069E-3,1.5000E3,,,,,740.000069E-3,9.999999,
,,,741.000056E-3,1.4800E3,,,,,741.000056E-3,9.999999,
,,,742.000043E-3,1.4800E3,,,,,742.000043E-3,9.999999,
,,,743.000031E-3,1.5000E3,,,,,743.000031E-3,9.999999,
,,,744.000077E-3,1.5000E3,,,,,744.000077E-3,9.999999,
,,,745.000064E-3,1.4600E3,,,,,745.000064E-3,9.999999,
,,,746.000051E-3,1.5000E3,,,,,746.000051E-3,9.999999,
,,,747.000039E-3,1.4800E3,,,,,747.000039E-3,9.999999,
,,,748.000026E-3,1.4800E3,,,,,748.000026E-3,9.999999,
,,,749.000072E-3,1.5000E3,,,,,749.000072E-3,9.999999,
,,,750.000060E-3,1.5000E3,,,,,750.000060E-3,9.999999,
,,,751.000047E-3,1.4800E3,,,,,751.000047E-3,9.999999,
,,,752.000034E-3,1.4800E3,,,,,752.000034E-3,9.999999,
,,,753.000081E-3,1.4800E3,,,,,753.000081E-3,9.799999,
,,,754.000068E-3,1.5000E3,,,,,754.000068E-3,9.799999,
,,,755.000055E-3,1.4800E3,,,,,755.000055E-3,9.999999,
,,,756.000042E-3,1.5000E3,,,,,756.000042E-3,9.999999,
,,,757.000029E-3,1.4800E3,,,,,757.000029E-3,9.799999,
,,,758.000076E-3,1.5000E3,,,,,758.000076E-3,9.999999,
,,,759.000063E-3,1.5000E3,,,,,759.000063E-3,9.999999,
,,,760.000050E-3,1.5000E3,,,,,760.000050E-3,10.2000,
,,,761.000037E-3,1.4800E3,,,,,761.000037E-3,9.999999,
,,,762.000084E-3,1.4800E3,,,,,762.000084E-3,9.999999,
,,,763.000071E-3,1.4800E3,,,,,763.000071E-3,9.999999,
,,,764.000058E-3,1.5000E3,,,,,764.000058E-3,9.999999,
,,,765.000045E-3,1.5000E3,,,,,765.000045E-3,9.999999,
,,,766.000032E-3,1.5000E3,,,,,766.000032E-3,9.999999,
,,,767.000079E-3,1.5000E3,,,,,767.000079E-3,9.799999,
,,,768.000066E-3,1.5000E3,,,,,768.000066E-3,9.999999,
,,,769.000053E-3,1.4800E3,,,,,769.000053E-3,9.799999,
,,,770.000041E-3,1.5000E3,,,,,770.000041E-3,9.999999,
,,,771.000028E-3,1.4800E3,,,,,771.000028E-3,9.799999,
,,,772.000074E-3,1.5000E3,,,,,772.000074E-3,9.799999,
,,,773.000062E-3,1.5000E3,,,,,773.000062E-3,9.799999,
,,,774.000049E-3,1.4800E3,,,,,774.000049E-3,9.799999,
,,,775.000036E-3,1.5000E3,,,,,775.000036E-3,9.799999,
,,,776.000082E-3,1.4800E3,,,,,776.000082E-3,9.799999,
,,,777.000070E-3,1.4800E3,,,,,777.000070E-3,9.999999,
,,,778.000057E-3,1.4800E3,,,,,778.000057E-3,9.799999,
,,,779.000044E-3,1.4800E3,,,,,779.000044E-3,9.999999,
,,,780.000031E-3,1.5000E3,,,,,780.000031E-3,9.799999,
,,,781.000078E-3,1.4800E3,,,,,781.000078E-3,9.999999,
,,,782.000065E-3,1.4800E3,,,,,782.000065E-3,9.799999,
,,,783.000052E-3,1.5000E3,,,,,783.000052E-3,9.799999,
,,,784.000039E-3,1.4800E3,,,,,784.000039E-3,9.799999,
,,,785.000026E-3,1.4800E3,,,,,785.000026E-3,9.799999,
,,,786.000073E-3,1.4800E3,,,,,786.000073E-3,9.799999,
,,,787.000060E-3,1.5000E3,,,,,787.000060E-3,9.599999,
,,,788.000047E-3,1.5000E3,,,,,788.000047E-3,9.799999,
,,,789.000034E-3,1.4800E3,,,,,789.000034E-3,9.599999,
,,,790.000081E-3,1.4800E3,,,,,790.000081E-3,9.599999,
,,,791.000068E-3,1.4800E3,,,,,791.000068E-3,9.599999,
,,,792.000055E-3,1.5000E3,,,,,792.000055E-3,9.799999,
,,,793.000042E-3,1.5000E3,,,,,793.000042E-3,9.799999,
,,,794.000030E-3,1.5000E3,,,,,794.000030E-3,9.599999,
,,,795.000076E-3,1.4800E3,,,,,795.000076E-3,9.599999,
,,,796.000063E-3,1.4800E3,,,,,796.000063E-3,9.799999,
,,,797.000051E-3,1.5000E3,,,,,797.000051E-3,9.799999,
,,,798.000038E-3,1.5000E3,,,,,798.000038E-3,9.799999,
,,,799.000084E-3,1.4800E3,,,,,799.000084E-3,9.799999,
,,,800.000072E-3,1.5000E3,,,,,800.000072E-3,9.799999,
,,,801.000059E-3,1.5000E3,,,,,801.000059E-3,9.799999,
,,,802.000046E-3,1.5000E3,,,,,802.000046E-3,9.999999,
,,,803.000033E-3,1.5000E3,,,,,803.000033E-3,9.799999,
,,,804.000080E-3,1.4800E3,,,,,804.000080E-3,9.799999,
,,,805.000067E-3,1.5000E3,,,,,805.000067E-3,9.799999,
,,,806.000054E-3,1.5000E3,,,,,806.000054E-3,9.799999,
,,,807.000041E-3,1.4800E3,,,,,807.000041E-3,9.799999,
,,,808.000028E-3,1.4800E3,,,,,808.000028E-3,9.799999,
,,,809.000075E-3,1.5000E3,,,,,809.000075E-3,9.799999,
,,,810.000062E-3,1.5000E3,,,,,810.000062E-3,9.999999,
,,,811.000049E-3,1.4800E3,,,,,811.000049E-3,9.999999,
,,,812.000036E-3,1.4800E3,,,,,812.000036E-3,9.999999,
,,,813.000083E-3,1.5000E3,,,,,813.000083E-3,9.999999,
,,,814.000070E-3,1.5000E3,,,,,814.000070E-3,10.2000,
,,,815.000057E-3,1.4800E3,,,,,815.000057E-3,9.999999,
,,,816.000044E-3,1.5000E3,,,,,816.000044E-3,9.999999,
,,,817.000031E-3,1.5000E3,,,,,817.000031E-3,9.999999,
,,,818.000078E-3,1.5000E3,,,,,818.000078E-3,9.999999,
,,,819.000065E-3,1.4800E3,,,,,819.000065E-3,9.999999,
,,,820.000052E-3,1.4800E3,,,,,820.000052E-3,9.999999,
,,,821.000040E-3,1.4800E3,,,,,821.000040E-3,9.999999,
,,,822.000086E-3,1.4800E3,,,,,822.000086E-3,9.999999,
,,,823.000073E-3,1.4800E3,,,,,823.000073E-3,10.2000,
,,,824.000061E-3,1.5000E3,,,,,824.000061E-3,9.999999,
,,,825.000048E-3,1.5000E3,,,,,825.000048E-3,9.999999,
,,,826.000035E-3,1.4800E3,,,,,826.000035E-3,9.999999,
,,,827.000082E-3,1.5000E3,,,,,827.000082E-3,10.2000,
,,,828.000069E-3,1.5000E3,,,,,828.000069E-3,10.2000,
,,,829.000056E-3,1.4800E3,,,,,829.000056E-3,10.2000,
,,,830.000043E-3,1.5000E3,,,,,830.000043E-3,10.2000,
,,,831.000030E-3,1.4600E3,,,,,831.000030E-3,9.999999,
,,,832.000077E-3,1.4800E3,,,,,832.000077E-3,9.999999,
,,,833.000064E-3,1.5000E3,,,,,833.000064E-3,9.999999,
,,,834.000051E-3,1.5000E3,,,,,834.000051E-3,9.999999,
,,,835.000038E-3,1.5000E3,,,,,835.000038E-3,9.999999,
,,,836.000085E-3,1.4800E3,,,,,836.000085E-3,10.2000,
,,,837.000072E-3,1.5000E3,,,,,837.000072E-3,9.999999,
,,,838.000059E-3,1.4800E3,,,,,838.000059E-3,9.999999,
,,,839.000046E-3,1.4800E3,,,,,839.000046E-3,10.2000,
,,,840.000033E-3,1.5000E3,,,,,840.000033E-3,9.999999,
,,,841.000080E-3,1.5000E3,,,,,841.000080E-3,10.2000,
,,,842.000067E-3,1.4800E3,,,,,842.000067E-3,10.2000,
,,,843.000054E-3,1.4800E3,,,,,843.000054E-3,10.2000,
,,,844.000041E-3,1.4800E3,,,,,844.000041E-3,10.2000,
,,,845.000088E-3,1.5000E3,,,,,845.000088E-3,9.999999,
,,,846.000075E-3,1.4800E3,,,,,846.000075E-3,9.999999,
,,,847.000062E-3,1.5000E3,,,,,847.000062E-3,10.2000,
,,,848.000050E-3,1.4800E3,,,,,848.000050E-3,10.2000,
,,,849.000037E-3,1.4800E3,,,,,849.000037E-3,10.2000,
,,,850.000083E-3,1.5000E3,,,,,850.000083E-3,10.2000,
,,,851.000071E-3,1.4800E3,,,,,851.000071E-3,9.999999,
,,,852.000058E-3,1.4800E3,,,,,852.000058E-3,10.2000,
,,,853.000045E-3,1.5000E3,,,,,853.000045E-3,10.2000,
,,,854.000032E-3,1.5000E3,,,,,854.000032E-3,10.2000,
,,,855.000079E-3,1.5000E3,,,,,855.000079E-3,10.2000,
,,,856.000066E-3,1.4800E3,,,,,856.000066E-3,10.2000,
,,,857.000053E-3,1.5000E3,,,,,857.000053E-3,10.2000,
,,,858.000040E-3,1.4800E3,,,,,858.000040E-3,10.2000,
,,,859.000087E-3,1.4800E3,,,,,859.000087E-3,10.2000,
,,,860.000074E-3,1.5000E3,,,,,860.000074E-3,9.999999,
,,,861.000061E-3,1.5000E3,,,,,861.000061E-3,9.999999,
,,,862.000048E-3,1.4800E3,,,,,862.000048E-3,9.999999,
,,,863.000035E-3,1.5000E3,,,,,863.000035E-3,9.999999,
,,,864.000082E-3,1.5000E3,,,,,864.000082E-3,9.999999,
,,,865.000069E-3,1.4800E3,,,,,865.000069E-3,9.999999,
,,,866.000056E-3,1.4800E3,,,,,866.000056E-3,9.999999,
,,,867.000043E-3,1.4800E3,,,,,867.000043E-3,9.999999,
,,,868.000031E-3,1.5000E3,,,,,868.000031E-3,9.799999,
,,,869.000077E-3,1.5000E3,,,,,869.000077E-3,9.999999,
,,,870.000064E-3,1.5000E3,,,,,870.000064E-3,9.999999,
,,,871.000051E-3,1.5000E3,,,,,871.000051E-3,9.799999,
,,,872.000039E-3,1.5000E3,,,,,872.000039E-3,9.799999,
,,,873.000085E-3,1.5000E3,,,,,873.000085E-3,9.799999,
,,,874.000072E-3,1.5000E3,,,,,874.000072E-3,9.799999,
,,,875.000060E-3,1.4800E3,,,,,875.000060E-3,9.799999,
,,,876.000047E-3,1.5000E3,,,,,876.000047E-3,9.799999,
,,,877.000034E-3,1.5000E3,,,,,877.000034E-3,9.799999,
,,,878.000081E-3,1.4800E3,,,,,878.000081E-3,9.799999,
,,,879.000068E-3,1.4800E3,,,,,879.000068E-3,9.799999,
,,,880.000055E-3,1.4800E3,,,,,880.000055E-3,9.799999,
,,,881.000042E-3,1.5000E3,,,,,881.000042E-3,9.999999,
,,,882.000089E-3,1.5000E3,,,,,882.000089E-3,9.999999,
,,,883.000076E-3,1.5000E3,,,,,883.000076E-3,9.999999,
,,,884.000063E-3,1.5000E3,,,,,884.000063E-3,9.999999,
,,,885.000050E-3,1.4800E3,,,,,885.000050E-3,9.999999,
,,,886.000037E-3,1.5000E3,,,,,886.000037E-3,9.799999,
,,,887.000084E-3,1.4800E3,,,,,887.000084E-3,9.999999,
,,,888.000071E-3,1.4600E3,,,,,888.000071E-3,9.799999,
,,,889.000058E-3,1.4800E3,,,,,889.000058E-3,9.999999,
,,,890.000045E-3,1.4800E3,,,,,890.000045E-3,9.999999,
,,,891.000032E-3,1.5000E3,,,,,891.000032E-3,9.999999,
,,,892.000079E-3,1.4800E3,,,,,892.000079E-3,9.799999,
,,,893.000066E-3,1.4800E3,,,,,893.000066E-3,9.799999,
,,,894.000053E-3,1.4800E3,,,,,894.000053E-3,9.999999,
,,,895.000041E-3,1.5000E3,,,,,895.000041E-3,9.999999,
,,,896.000087E-3,1.5000E3,,,,,896.000087E-3,9.799999,
,,,897.000074E-3,1.5000E3,,,,,897.000074E-3,9.999999,
,,,898.000062E-3,1.5000E3,,,,,898.000062E-3,9.799999,
,,,899.000049E-3,1.5000E3,,,,,899.000049E-3,9.999999,
,,,900.000036E-3,1.4800E3,,,,,900.000036E-3,9.999999,
,,,901.000082E-3,1.4800E3,,,,,901.000082E-3,9.799999,
,,,902.000070E-3,1.4800E3,,,,,902.000070E-3,9.799999,
,,,903.000057E-3,1.5000E3,,,,,903.000057E-3,9.999999,
,,,904.000044E-3,1.5000E3,,,,,904.000044E-3,9.999999,
,,,905.000091E-3,1.4600E3,,,,,905.000091E-3,9.799999,
,,,906.000078E-3,1.5000E3,,,,,906.000078E-3,9.999999,
,,,907.000065E-3,1.4800E3,,,,,907.000065E-3,9.999999,
,,,908.000052E-3,1.5000E3,,,,,908.000052E-3,9.999999,
,,,909.000039E-3,1.5000E3,,,,,909.000039E-3,9.999999,
,,,910.000086E-3,1.5000E3,,,,,910.000086E-3,9.999999,
,,,911.000073E-3,1.4800E3,,,,,911.000073E-3,9.999999,
,,,912.000060E-3,1.5000E3,,,,,912.000060E-3,9.999999,
,,,913.000047E-3,1.4800E3,,,,,913.000047E-3,9.999999,
,,,914.000034E-3,1.5000E3,,,,,914.000034E-3,9.999999,
,,,915.000081E-3,1.4800E3,,,,,915.000081E-3,9.999999,
,,,916.000068E-3,1.5000E3,,,,,916.000068E-3,9.999999,
,,,917.000055E-3,1.5000E3,,,,,917.000055E-3,9.999999,
,,,918.000042E-3,1.5000E3,,,,,918.000042E-3,9.999999,
,,,919.000089E-3,1.5000E3,,,,,919.000089E-3,9.999999,
,,,920.000076E-3,1.4800E3,,,,,920.000076E-3,9.999999,
,,,921.000063E-3,1.5000E3,,,,,921.000063E-3,9.999999,
,,,922.000051E-3,1.4800E3,,,,,922.000051E-3,9.999999,
,,,923.000038E-3,1.4800E3,,,,,923.000038E-3,9.999999,
,,,924.000084E-3,1.4800E3,,,,,924.000084E-3,9.999999,
,,,925.000072E-3,1.5000E3,,,,,925.000072E-3,9.999999,
,,,926.000059E-3,1.5000E3,,,,,926.000059E-3,9.999999,
,,,927.000046E-3,1.5000E3,,,,,927.000046E-3,9.999999,
,,,928.000033E-3,1.5000E3,,,,,928.000033E-3,9.999999,
,,,929.000080E-3,1.5000E3,,,,,929.000080E-3,9.999999,
,,,930.000067E-3,1.4800E3,,,,,930.000067E-3,10.2000,
,,,931.000054E-3,1.5000E3,,,,,931.000054E-3,10.2000,
,,,932.000041E-3,1.4800E3,,,,,932.000041E-3,9.999999,
,,,933.000088E-3,1.5000E3,,,,,933.000088E-3,10.2000,
,,,934.000075E-3,1.5000E3,,,,,934.000075E-3,9.999999,
,,,935.000062E-3,1.4800E3,,,,,935.000062E-3,9.999999,
,,,936.000049E-3,1.5000E3,,,,,936.000049E-3,10.2000,
,,,937.000036E-3,1.5000E3,,,,,937.000036E-3,9.999999,
,,,938.000083E-3,1.4800E3,,,,,938.000083E-3,9.999999,
,,,939.000070E-3,1.5000E3,,,,,939.000070E-3,10.2000,
,,,940.000057E-3,1.4800E3,,,,,940.000057E-3,10.2000,
,,,941.000044E-3,1.5000E3,,,,,941.000044E-3,10.2000,
,,,942.000091E-3,1.5000E3,,,,,942.000091E-3,10.2000,
,,,943.000078E-3,1.4800E3,,,,,943.000078E-3,10.2000,
,,,944.000065E-3,1.4800E3,,,,,944.000065E-3,9.999999,
,,,945.000052E-3,1.4800E3,,,,,945.000052E-3,9.999999,
,,,946.000040E-3,1.4800E3,,,,,946.000040E-3,10.2000,
,,,947.000086E-3,1.4800E3,,,,,947.000086E-3,9.999999,
,,,948.000073E-3,1.4800E3,,,,,948.000073E-3,9.999999,
,,,949.000061E-3,1.5000E3,,,,,949.000061E-3,9.999999,
,,,950.000048E-3,1.5000E3,,,,,950.000048E-3,10.2000,
,,,951.000035E-3,1.5000E3,,,,,951.000035E-3,9.999999,
,,,952.000082E-3,1.5000E3,,,,,952.000082E-3,10.2000,
,,,953.000069E-3,1.5000E3,,,,,953.000069E-3,9.999999,
,,,954.000056E-3,1.5000E3,,,,,954.000056E-3,9.999999,
,,,955.000043E-3,1.4800E3,,,,,955.000043E-3,9.999999,
,,,956.000090E-3,1.4800E3,,,,,956.000090E-3,9.999999,
,,,957.000077E-3,1.4800E3,,,,,957.000077E-3,10.2000,
,,,958.000064E-3,1.4800E3,,,,,958.000064E-3,10.2000,
,,,959.000051E-3,1.4800E3,,,,,959.000051E-3,9.999999,
,,,960.000038E-3,1.4800E3,,,,,960.000038E-3,9.999999,
,,,961.000085E-3,1.5000E3,,,,,961.000085E-3,10.2000,
,,,962.000072E-3,1.5000E3,,,,,962.000072E-3,10.2000,
,,,963.000059E-3,1.5000E3,,,,,963.000059E-3,10.2000,
,,,964.000046E-3,1.4800E3,,,,,964.000046E-3,10.2000,
,,,965.000093E-3,1.4800E3,,,,,965.000093E-3,10.2000,
,,,966.000080E-3,1.4800E3,,,,,966.000080E-3,10.2000,
,,,967.000067E-3,1.5000E3,,,,,967.000067E-3,10.2000,
,,,968.000054E-3,1.5000E3,,,,,968.000054E-3,10.2000,
,,,969.000041E-3,1.5000E3,,,,,969.000041E-3,10.4000,
,,,970.000088E-3,1.4800E3,,,,,970.000088E-3,10.4000,
,,,971.000075E-3,1.5000E3,,,,,971.000075E-3,10.2000,
,,,972.000062E-3,1.4800E3,,,,,972.000062E-3,10.2000,
,,,973.000050E-3,1.4800E3,,,,,973.000050E-3,10.2000,
,,,974.000037E-3,1.4800E3,,,,,974.000037E-3,10.2000,
,,,975.000083E-3,1.4800E3,,,,,975.000083E-3,10.2000,
,,,976.000071E-3,1.5000E3,,,,,976.000071E-3,10.2000,
,,,977.000058E-3,1.4800E3,,,,,977.000058E-3,10.2000,
,,,978.000045E-3,1.5000E3,,,,,978.000045E-3,10.2000,
,,,979.000092E-3,1.4800E3,,,,,979.000092E-3,10.2000,
,,,980.000079E-3,1.5000E3,,,,,980.000079E-3,10.2000,
,,,981.000066E-3,1.5000E3,,,,,981.000066E-3,10.2000,
,,,982.000053E-3,1.4800E3,,,,,982.000053E-3,10.2000,
,,,983.000040E-3,1.5000E3,,,,,983.000040E-3,10.2000,
,,,984.000087E-3,1.4800E3,,,,,984.000087E-3,10.2000,
,,,985.000074E-3,1.5000E3,,,,,985.000074E-3,10.2000,
,,,986.000061E-3,1.4800E3,,,,,986.000061E-3,10.4000,
,,,987.000048E-3,1.5000E3,,,,,987.000048E-3,10.2000,
,,,988.000095E-3,1.5000E3,,,,,988.000095E-3,10.4000,
,,,989.000082E-3,1.5000E3,,,,,989.000082E-3,10.2000,
,,,990.000069E-3,1.5000E3,,,,,990.000069E-3,10.2000,
,,,991.000056E-3,1.4800E3,,,,,991.000056E-3,10.2000,
,,,992.000043E-3,1.5000E3,,,,,992.000043E-3,10.2000,
,,,993.000090E-3,1.4800E3,,,,,993.000090E-3,10.2000,
,,,994.000077E-3,1.5000E3,,,,,994.000077E-3,10.2000,
,,,995.000064E-3,1.4800E3,,,,,995.000064E-3,10.2000,
,,,996.000051E-3,1.4800E3,,,,,996.000051E-3,10.2000,
,,,997.000039E-3,1.4800E3,,,,,997.000039E-3,10.2000,
,,,998.000085E-3,1.5000E3,,,,,998.000085E-3,10.2000,
,,,999.000072E-3,1.4800E3,,,,,999.000072E-3,10.2000,
,,,1.0000,1.4800E3,,,,,1.0000,10.2000,
,,,1.0010,1.4800E3,,,,,1.0010,10.4000,
,,,1.0020,1.4800E3,,,,,1.0020,10.2000,
,,,1.0030,1.5000E3,,,,,1.0030,10.2000,
,,,1.0040,1.4600E3,,,,,1.0040,10.2000,
,,,1.0050,1.4800E3,,,,,1.0050,10.2000,
,,,1.0060,1.4800E3,,,,,1.0060,10.2000,
,,,1.0070,1.5000E3,,,,,1.0070,10.2000,
,,,1.0080,1.5000E3,,,,,1.0080,10.2000,
,,,1.0090,1.5000E3,,,,,1.0090,10.2000,
,,,1.0100,1.5000E3,,,,,1.0100,10.2000,
,,,1.0110,1.5000E3,,,,,1.0110,10.2000,
,,,1.0120,1.5000E3,,,,,1.0120,10.2000,
,,,1.0130,1.5000E3,,,,,1.0130,10.2000,
,,,1.0140,1.5000E3,,,,,1.0140,10.4000,
,,,1.0150,1.5000E3,,,,,1.0150,10.2000,
,,,1.0160,1.4800E3,,,,,1.0160,10.4000,
,,,1.0170,1.4800E3,,,,,1.0170,10.4000,
,,,1.0180,1.5000E3,,,,,1.0180,10.4000,
,,,1.0190,1.4800E3,,,,,1.0190,10.4000,
,,,1.0200,1.5000E3,,,,,1.0200,10.4000,
,,,1.0210,1.5000E3,,,,,1.0210,10.4000,
,,,1.0220,1.5000E3,,,,,1.0220,10.4000,
,,,1.0230,1.5000E3,,,,,1.0230,10.4000,
,,,1.0240,1.4800E3,,,,,1.0240,10.4000,
,,,1.0250,1.5000E3,,,,,1.0250,10.4000,
,,,1.0260,1.4800E3,,,,,1.0260,10.2000,
,,,1.0270,1.5000E3,,,,,1.0270,10.2000,
,,,1.0280,1.4800E3,,,,,1.0280,10.4000,
,,,1.0290,1.4800E3,,,,,1.0290,10.2000,
,,,1.0300,1.5000E3,,,,,1.0300,10.2000,
,,,1.0310,1.5000E3,,,,,1.0310,10.2000,
,,,1.0320,1.4800E3,,,,,1.0320,10.4000,
,,,1.0330,1.4800E3,,,,,1.0330,10.2000,
,,,1.0340,1.4800E3,,,,,1.0340,10.2000,
,,,1.0350,1.5000E3,,,,,1.0350,10.2000,
,,,1.0360,1.5000E3,,,,,1.0360,10.2000,
,,,1.0370,1.4800E3,,,,,1.0370,10.2000,
,,,1.0380,1.4800E3,,,,,1.0380,10.2000,
,,,1.0390,1.4800E3,,,,,1.0390,10.2000,
,,,1.0400,1.4600E3,,,,,1.0400,10.2000,
,,,1.0410,1.4800E3,,,,,1.0410,10.2000,
,,,1.0420,1.4800E3,,,,,1.0420,10.2000,
,,,1.0430,1.4800E3,,,,,1.0430,10.2000,
,,,1.0440,1.4800E3,,,,,1.0440,10.2000,
,,,1.0450,1.5000E3,,,,,1.0450,10.2000,
,,,1.0460,1.4800E3,,,,,1.0460,10.2000,
,,,1.0470,1.5000E3,,,,,1.0470,10.2000,
,,,1.0480,1.4800E3,,,,,1.0480,10.2000,
,,,1.0490,1.5000E3,,,,,1.0490,10.2000,
,,,1.0500,1.5000E3,,,,,1.0500,10.2000,
,,,1.0510,1.5000E3,,,,,1.0510,10.2000,
,,,1.0520,1.4800E3,,,,,1.0520,10.2000,
,,,1.0530,1.5000E3,,,,,1.0530,10.2000,
,,,1.0540,1.4800E3,,,,,1.0540,10.2000,
,,,1.0550,1.5000E3,,,,,1.0550,10.2000,
,,,1.0560,1.5000E3,,,,,1.0560,10.2000,
,,,1.0570,1.5000E3,,,,,1.0570,10.2000,
,,,1.0580,1.5000E3,,,,,1.0580,10.2000,
,,,1.0590,1.4800E3,,,,,1.0590,10.2000,
,,,1.0600,1.4800E3,,,,,1.0600,9.999999,
,,,1.0610,1.4800E3,,,,,1.0610,10.2000,
,,,1.0620,1.4800E3,,,,,1.0620,9.999999,
,,,1.0630,1.4800E3,,,,,1.0630,10.2000,
,,,1.0640,1.4600E3,,,,,1.0640,9.999999,
,,,1.0650,1.4800E3,,,,,1.0650,9.999999,
,,,1.0660,1.5000E3,,,,,1.0660,9.999999,
,,,1.0670,1.5000E3,,,,,1.0670,9.999999,
,,,1.0680,1.4800E3,,,,,1.0680,10.2000,
,,,1.0690,1.4800E3,,,,,1.0690,9.999999,
,,,1.0700,1.5000E3,,,,,1.0700,10.2000,
,,,1.0710,1.5000E3,,,,,1.0710,10.2000,
,,,1.0720,1.4800E3,,,,,1.0720,10.2000,
,,,1.0730,1.5000E3,,,,,1.0730,10.2000,
,,,1.0740,1.5000E3,,,,,1.0740,10.2000,
,,,1.0750,1.4800E3,,,,,1.0750,10.4000,
,,,1.0760,1.4800E3,,,,,1.0760,10.2000,
,,,1.0770,1.5000E3,,,,,1.0770,10.2000,
,,,1.0780,1.5000E3,,,,,1.0780,10.2000,
,,,1.0790,1.5000E3,,,,,1.0790,10.2000,
,,,1.0800,1.4800E3,,,,,1.0800,10.2000,
,,,1.0810,1.5000E3,,,,,1.0810,10.2000,
,,,1.0820,1.5000E3,,,,,1.0820,10.2000,
,,,1.0830,1.5000E3,,,,,1.0830,10.2000,
,,,1.0840,1.4800E3,,,,,1.0840,10.2000,
,,,1.0850,1.5000E3,,,,,1.0850,10.2000,
,,,1.0860,1.5000E3,,,,,1.0860,10.2000,
,,,1.0870,1.5000E3,,,,,1.0870,10.2000,
,,,1.0880,1.4800E3,,,,,1.0880,10.2000,
,,,1.0890,1.5000E3,,,,,1.0890,9.999999,
,,,1.0900,1.5000E3,,,,,1.0900,9.999999,
,,,1.0910,1.5000E3,,,,,1.0910,10.2000,
,,,1.0920,1.5000E3,,,,,1.0920,10.2000,
,,,1.0930,1.5000E3,,,,,1.0930,10.2000,
,,,1.0940,1.4800E3,,,,,1.0940,10.2000,
,,,1.0950,1.5000E3,,,,,1.0950,10.2000,
,,,1.0960,1.5000E3,,,,,1.0960,9.999999,
,,,1.0970,1.4800E3,,,,,1.0970,10.2000,
,,,1.0980,1.4800E3,,,,,1.0980,10.2000,
,,,1.0990,1.5000E3,,,,,1.0990,9.999999,
,,,1.1000,1.4800E3,,,,,1.1000,10.2000,
,,,1.1010,1.5000E3,,,,,1.1010,10.2000,
,,,1.1020,1.5000E3,,,,,1.1020,10.2000,
,,,1.1030,1.4800E3,,,,,1.1030,10.2000,
,,,1.1040,1.4800E3,,,,,1.1040,10.2000,
,,,1.1050,1.4800E3,,,,,1.1050,10.2000,
,,,1.1060,1.4800E3,,,,,1.1060,10.2000,
,,,1.1070,1.5000E3,,,,,1.1070,10.2000,
,,,1.1080,1.4800E3,,,,,1.1080,10.2000,
,,,1.1090,1.4800E3,,,,,1.1090,10.2000,
,,,1.1100,1.5000E3,,,,,1.1100,10.2000,
,,,1.1110,1.4800E3,,,,,1.1110,10.2000,
,,,1.1120,1.5000E3,,,,,1.1120,10.2000,
,,,1.1130,1.5000E3,,,,,1.1130,10.2000,
,,,1.1140,1.5000E3,,,,,1.1140,10.2000,
,,,1.1150,1.5000E3,,,,,1.1150,10.2000,
,,,1.1160,1.5000E3,,,,,1.1160,10.2000,
,,,1.1170,1.4800E3,,,,,1.1170,10.2000,
,,,1.1180,1.5000E3,,,,,1.1180,10.2000,
,,,1.1190,1.5000E3,,,,,1.1190,10.2000,
,,,1.1200,1.4800E3,,,,,1.1200,10.2000,
,,,1.1210,1.4800E3,,,,,1.1210,9.999999,
,,,1.1220,1.4800E3,,,,,1.1220,10.2000,
,,,1.1230,1.5000E3,,,,,1.1230,10.2000,
,,,1.1240,1.4800E3,,,,,1.1240,9.999999,
,,,1.1250,1.5000E3,,,,,1.1250,9.999999,
,,,1.1260,1.4800E3,,,,,1.1260,10.2000,
,,,1.1270,1.4800E3,,,,,1.1270,10.2000,
,,,1.1280,1.5000E3,,,,,1.1280,9.999999,
,,,1.1290,1.5000E3,,,,,1.1290,10.2000,
,,,1.1300,1.5000E3,,,,,1.1300,10.2000,
,,,1.1310,1.4800E3,,,,,1.1310,9.999999,
,,,1.1320,1.5000E3,,,,,1.1320,9.999999,
,,,1.1330,1.5000E3,,,,,1.1330,9.999999,
,,,1.1340,1.5000E3,,,,,1.1340,10.2000,
,,,1.1350,1.4800E3,,,,,1.1350,10.2000,
,,,1.1360,1.5000E3,,,,,1.1360,9.999999,
,,,1.1370,1.5000E3,,,,,1.1370,10.2000,
,,,1.1380,1.4800E3,,,,,1.1380,10.2000,
,,,1.1390,1.5000E3,,,,,1.1390,9.999999,
,,,1.1400,1.4800E3,,,,,1.1400,10.2000,
,,,1.1410,1.5000E3,,,,,1.1410,9.999999,
,,,1.1420,1.4800E3,,,,,1.1420,10.2000,
,,,1.1430,1.5000E3,,,,,1.1430,10.2000,
,,,1.1440,1.5000E3,,,,,1.1440,10.2000,
,,,1.1450,1.5000E3,,,,,1.1450,10.2000,
,,,1.1460,1.4800E3,,,,,1.1460,10.2000,
,,,1.1470,1.4800E3,,,,,1.1470,10.2000,
,,,1.1480,1.4800E3,,,,,1.1480,10.2000,
,,,1.1490,1.4800E3,,,,,1.1490,10.2000,
,,,1.1500,1.4600E3,,,,,1.1500,10.2000,
,,,1.1510,1.4800E3,,,,,1.1510,10.2000,
,,,1.1520,1.4800E3,,,,,1.1520,10.2000,
,,,1.1530,1.4800E3,,,,,1.1530,10.2000,
,,,1.1540,1.5000E3,,,,,1.1540,10.2000,
,,,1.1550,1.5000E3,,,,,1.1550,10.2000,
,,,1.1560,1.5000E3,,,,,1.1560,10.2000,
,,,1.1570,1.5000E3,,,,,1.1570,10.2000,
,,,1.1580,1.4800E3,,,,,1.1580,10.2000,
,,,1.1590,1.4800E3,,,,,1.1590,9.999999,
,,,1.1600,1.4800E3,,,,,1.1600,10.2000,
,,,1.1610,1.5000E3,,,,,1.1610,9.999999,
,,,1.1620,1.5000E3,,,,,1.1620,10.2000,
,,,1.1630,1.4800E3,,,,,1.1630,9.999999,
,,,1.1640,1.4800E3,,,,,1.1640,9.999999,
,,,1.1650,1.5000E3,,,,,1.1650,10.2000,
,,,1.1660,1.4800E3,,,,,1.1660,9.999999,
,,,1.1670,1.4800E3,,,,,1.1670,9.999999,
,,,1.1680,1.5000E3,,,,,1.1680,10.2000,
,,,1.1690,1.5000E3,,,,,1.1690,9.999999,
,,,1.1700,1.5000E3,,,,,1.1700,10.2000,
,,,1.1710,1.5000E3,,,,,1.1710,9.999999,
,,,1.1720,1.4800E3,,,,,1.1720,10.2000,
,,,1.1730,1.4800E3,,,,,1.1730,10.2000,
,,,1.1740,1.5000E3,,,,,1.1740,9.999999,
,,,1.1750,1.5000E3,,,,,1.1750,9.999999,
,,,1.1760,1.5000E3,,,,,1.1760,9.999999,
,,,1.1770,1.5000E3,,,,,1.1770,10.2000,
,,,1.1780,1.5000E3,,,,,1.1780,9.999999,
,,,1.1790,1.4800E3,,,,,1.1790,9.999999,
,,,1.1800,1.5000E3,,,,,1.1800,9.999999,
,,,1.1810,1.4800E3,,,,,1.1810,9.999999,
,,,1.1820,1.4800E3,,,,,1.1820,9.999999,
,,,1.1830,1.5000E3,,,,,1.1830,9.999999,
,,,1.1840,1.4800E3,,,,,1.1840,10.2000,
,,,1.1850,1.5000E3,,,,,1.1850,10.2000,
,,,1.1860,1.5000E3,,,,,1.1860,10.2000,
,,,1.1870,1.5000E3,,,,,1.1870,9.999999,
,,,1.1880,1.5000E3,,,,,1.1880,10.2000,
,,,1.1890,1.5000E3,,,,,1.1890,9.999999,
,,,1.1900,1.4800E3,,,,,1.1900,9.999999,
,,,1.1910,1.5000E3,,,,,1.1910,9.999999,
,,,1.1920,1.5000E3,,,,,1.1920,10.2000,
,,,1.1930,1.4800E3,,,,,1.1930,10.2000,
,,,1.1940,1.5000E3,,,,,1.1940,9.999999,
,,,1.1950,1.4600E3,,,,,1.1950,9.999999,
,,,1.1960,1.4800E3,,,,,1.1960,9.999999,
,,,1.1970,1.4800E3,,,,,1.1970,9.999999,
,,,1.1980,1.4800E3,,,,,1.1980,9.799999,
,,,1.1990,1.5000E3,,,,,1.1990,9.999999,
,,,1.2000,1.4600E3,,,,,1.2000,9.999999,
,,,1.2010,1.5000E3,,,,,1.2010,10.2000,
,,,1.2020,1.4800E3,,,,,1.2020,9.999999,
,,,1.2030,1.5000E3,,,,,1.2030,9.999999,
,,,1.2040,1.4800E3,,,,,1.2040,9.999999,
,,,1.2050,1.5000E3,,,,,1.2050,9.999999,
,,,1.2060,1.4800E3,,,,,1.2060,9.999999,
,,,1.2070,1.5000E3,,,,,1.2070,9.999999,
,,,1.2080,1.4800E3,,,,,1.2080,10.2000,
,,,1.2090,1.4800E3,,,,,1.2090,9.999999,
,,,1.2100,1.4800E3,,,,,1.2100,9.999999,
,,,1.2110,1.4800E3,,,,,1.2110,9.999999,
,,,1.2120,1.4600E3,,,,,1.2120,9.999999,
,,,1.2130,1.4800E3,,,,,1.2130,9.999999,
,,,1.2140,1.5000E3,,,,,1.2140,9.999999,
,,,1.2150,1.5000E3,,,,,1.2150,9.999999,
,,,1.2160,1.4800E3,,,,,1.2160,9.999999,
,,,1.2170,1.5000E3,,,,,1.2170,9.999999,
,,,1.2180,1.5000E3,,,,,1.2180,9.999999,
,,,1.2190,1.5000E3,,,,,1.2190,9.999999,
,,,1.2200,1.5000E3,,,,,1.2200,9.999999,
,,,1.2210,1.4800E3,,,,,1.2210,10.2000,
,,,1.2220,1.5000E3,,,,,1.2220,9.999999,
,,,1.2230,1.5000E3,,,,,1.2230,9.999999,
,,,1.2240,1.4800E3,,,,,1.2240,9.999999,
,,,1.2250,1.5000E3,,,,,1.2250,9.999999,
,,,1.2260,1.5000E3,,,,,1.2260,9.999999,
,,,1.2270,1.4800E3,,,,,1.2270,10.2000,
,,,1.2280,1.5000E3,,,,,1.2280,10.2000,
,,,1.2290,1.5000E3,,,,,1.2290,9.999999,
,,,1.2300,1.5000E3,,,,,1.2300,9.999999,
,,,1.2310,1.5000E3,,,,,1.2310,10.2000,
,,,1.2320,1.5000E3,,,,,1.2320,9.999999,
,,,1.2330,1.4800E3,,,,,1.2330,10.2000,
,,,1.2340,1.4800E3,,,,,1.2340,10.2000,
,,,1.2350,1.4800E3,,,,,1.2350,9.999999,
,,,1.2360,1.5000E3,,,,,1.2360,9.999999,
,,,1.2370,1.5000E3,,,,,1.2370,9.999999,
,,,1.2380,1.4800E3,,,,,1.2380,9.999999,
,,,1.2390,1.4800E3,,,,,1.2390,10.2000,
,,,1.2400,1.4800E3,,,,,1.2400,9.999999,
,,,1.2410,1.5000E3,,,,,1.2410,9.999999,
,,,1.2420,1.4800E3,,,,,1.2420,9.999999,
,,,1.2430,1.5000E3,,,,,1.2430,9.999999,
,,,1.2440,1.5000E3,,,,,1.2440,9.999999,
,,,1.2450,1.4800E3,,,,,1.2450,9.999999,
,,,1.2460,1.4800E3,,,,,1.2460,9.999999,
,,,1.2470,1.4800E3,,,,,1.2470,9.999999,
,,,1.2480,1.5000E3,,,,,1.2480,9.999999,
,,,1.2490,1.5000E3,,,,,1.2490,9.999999,
,,,1.2500,1.5000E3,,,,,1.2500,10.2000,
,,,1.2510,1.4800E3,,,,,1.2510,10.2000,
,,,1.2520,1.4800E3,,,,,1.2520,10.2000,
,,,1.2530,1.5000E3,,,,,1.2530,10.2000,
,,,1.2540,1.4800E3,,,,,1.2540,10.2000,
,,,1.2550,1.4800E3,,,,,1.2550,10.2000,
,,,1.2560,1.4800E3,,,,,1.2560,9.999999,
,,,1.2570,1.4800E3,,,,,1.2570,10.2000,
,,,1.2580,1.4800E3,,,,,1.2580,9.999999,
,,,1.2590,1.5000E3,,,,,1.2590,9.999999,
,,,1.2600,1.4800E3,,,,,1.2600,9.999999,
,,,1.2610,1.4800E3,,,,,1.2610,9.999999,
,,,1.2620,1.5000E3,,,,,1.2620,10.2000,
,,,1.2630,1.4800E3,,,,,1.2630,10.2000,
,,,1.2640,1.4800E3,,,,,1.2640,9.999999,
,,,1.2650,1.5000E3,,,,,1.2650,10.2000,
,,,1.2660,1.5000E3,,,,,1.2660,9.999999,
,,,1.2670,1.4800E3,,,,,1.2670,9.999999,
,,,1.2680,1.5000E3,,,,,1.2680,9.999999,
,,,1.2690,1.4800E3,,,,,1.2690,9.999999,
,,,1.2700,1.4800E3,,,,,1.2700,9.999999,
,,,1.2710,1.4800E3,,,,,1.2710,10.2000,
,,,1.2720,1.5000E3,,,,,1.2720,10.2000,
,,,1.2730,1.5000E3,,,,,1.2730,10.2000,
,,,1.2740,1.5000E3,,,,,1.2740,10.2000,
,,,1.2750,1.4800E3,,,,,1.2750,10.2000,
,,,1.2760,1.5000E3,,,,,1.2760,10.2000,
,,,1.2770,1.5000E3,,,,,1.2770,10.2000,
,,,1.2780,1.5000E3,,,,,1.2780,10.2000,
,,,1.2790,1.5000E3,,,,,1.2790,10.2000,
,,,1.2800,1.5000E3,,,,,1.2800,10.2000,
,,,1.2810,1.5000E3,,,,,1.2810,10.2000,
,,,1.2820,1.4800E3,,,,,1.2820,10.2000,
,,,1.2830,1.5000E3,,,,,1.2830,9.999999,
,,,1.2840,1.4800E3,,,,,1.2840,10.2000,
,,,1.2850,1.4800E3,,,,,1.2850,10.2000,
,,,1.2860,1.5000E3,,,,,1.2860,10.2000,
,,,1.2870,1.4800E3,,,,,1.2870,10.2000,
,,,1.2880,1.5000E3,,,,,1.2880,10.2000,
,,,1.2890,1.5000E3,,,,,1.2890,10.2000,
,,,1.2900,1.4800E3,,,,,1.2900,9.999999,
,,,1.2910,1.4800E3,,,,,1.2910,9.999999,
,,,1.2920,1.4800E3,,,,,1.2920,10.2000,
,,,1.2930,1.4800E3,,,,,1.2930,10.2000,
,,,1.2940,1.5000E3,,,,,1.2940,10.2000,
,,,1.2950,1.4800E3,,,,,1.2950,10.2000,
,,,1.2960,1.5000E3,,,,,1.2960,10.2000,
,,,1.2970,1.4800E3,,,,,1.2970,9.999999,
,,,1.2980,1.5000E3,,,,,1.2980,9.999999,
,,,1.2990,1.5000E3,,,,,1.2990,10.2000,
,,,1.3000,1.5000E3,,,,,1.3000,10.2000,
,,,1.3010,1.5000E3,,,,,1.3010,10.2000,
,,,1.3020,1.4800E3,,,,,1.3020,10.2000,
,,,1.3030,1.5000E3,,,,,1.3030,9.999999,
,,,1.3040,1.5000E3,,,,,1.3040,10.2000,
,,,1.3050,1.5000E3,,,,,1.3050,10.2000,
,,,1.3060,1.4800E3,,,,,1.3060,10.2000,
,,,1.3070,1.4800E3,,,,,1.3070,10.2000,
,,,1.3080,1.4800E3,,,,,1.3080,10.2000,
,,,1.3090,1.5000E3,,,,,1.3090,10.2000,
,,,1.3100,1.4800E3,,,,,1.3100,10.4000,
,,,1.3110,1.5000E3,,,,,1.3110,10.2000,
,,,1.3120,1.4800E3,,,,,1.3120,10.2000,
,,,1.3130,1.4800E3,,,,,1.3130,10.2000,
,,,1.3140,1.5000E3,,,,,1.3140,10.2000,
,,,1.3150,1.5000E3,,,,,1.3150,10.2000,
,,,1.3160,1.4800E3,,,,,1.3160,10.2000,
,,,1.3170,1.4800E3,,,,,1.3170,10.2000,
,,,1.3180,1.5000E3,,,,,1.3180,10.2000,
,,,1.3190,1.5000E3,,,,,1.3190,10.2000,
,,,1.3200,1.4800E3,,,,,1.3200,10.2000,
,,,1.3210,1.4800E3,,,,,1.3210,10.2000,
,,,1.3220,1.5000E3,,,,,1.3220,10.2000,
,,,1.3230,1.5000E3,,,,,1.3230,10.2000,
,,,1.3240,1.5000E3,,,,,1.3240,10.4000,
,,,1.3250,1.4800E3,,,,,1.3250,10.2000,
,,,1.3260,1.5000E3,,,,,1.3260,10.4000,
,,,1.3270,1.5000E3,,,,,1.3270,10.4000,
,,,1.3280,1.5000E3,,,,,1.3280,10.2000,
,,,1.3290,1.4800E3,,,,,1.3290,10.2000,
,,,1.3300,1.5000E3,,,,,1.3300,10.2000,
,,,1.3310,1.4800E3,,,,,1.3310,10.2000,
,,,1.3320,1.4800E3,,,,,1.3320,10.2000,
,,,1.3330,1.4800E3,,,,,1.3330,10.2000,
,,,1.3340,1.5000E3,,,,,1.3340,10.2000,
,,,1.3350,1.5000E3,,,,,1.3350,10.2000,
,,,1.3360,1.5000E3,,,,,1.3360,10.2000,
,,,1.3370,1.5000E3,,,,,1.3370,10.2000,
,,,1.3380,1.5000E3,,,,,1.3380,10.2000,
,,,1.3390,1.5000E3,,,,,1.3390,10.4000,
,,,1.3400,1.5000E3,,,,,1.3400,10.2000,
,,,1.3410,1.5000E3,,,,,1.3410,10.2000,
,,,1.3420,1.4800E3,,,,,1.3420,10.2000,
,,,1.3430,1.5000E3,,,,,1.3430,10.4000,
,,,1.3440,1.4800E3,,,,,1.3440,10.4000,
,,,1.3450,1.4800E3,,,,,1.3450,10.4000,
,,,1.3460,1.5000E3,,,,,1.3460,10.4000,
,,,1.3470,1.5000E3,,,,,1.3470,10.4000,
,,,1.3480,1.5000E3,,,,,1.3480,10.2000,
,,,1.3490,1.5000E3,,,,,1.3490,10.2000,
,,,1.3500,1.4600E3,,,,,1.3500,10.4000,
,,,1.3510,1.4800E3,,,,,1.3510,10.4000,
,,,1.3520,1.5000E3,,,,,1.3520,10.4000,
,,,1.3530,1.5000E3,,,,,1.3530,10.2000,
,,,1.3540,1.5000E3,,,,,1.3540,10.2000,
,,,1.3550,1.5000E3,,,,,1.3550,10.2000,
,,,1.3560,1.4800E3,,,,,1.3560,10.2000,
,,,1.3570,1.4800E3,,,,,1.3570,10.2000,
,,,1.3580,1.4800E3,,,,,1.3580,9.999999,
,,,1.3590,1.4800E3,,,,,1.3590,10.2000,
,,,1.3600,1.5000E3,,,,,1.3600,10.2000,
,,,1.3610,1.4800E3,,,,,1.3610,10.2000,
,,,1.3620,1.4800E3,,,,,1.3620,10.2000,
,,,1.3630,1.4800E3,,,,,1.3630,10.2000,
,,,1.3640,1.5000E3,,,,,1.3640,9.999999,
,,,1.3650,1.4800E3,,,,,1.3650,10.2000,
,,,1.3660,1.4800E3,,,,,1.3660,10.2000,
,,,1.3670,1.4800E3,,,,,1.3670,10.2000,
,,,1.3680,1.5000E3,,,,,1.3680,10.2000,
,,,1.3690,1.5000E3,,,,,1.3690,10.2000,
,,,1.3700,1.4800E3,,,,,1.3700,9.999999,
,,,1.3710,1.5000E3,,,,,1.3710,9.999999,
,,,1.3720,1.4800E3,,,,,1.3720,10.2000,
,,,1.3730,1.5000E3,,,,,1.3730,10.2000,
,,,1.3740,1.5000E3,,,,,1.3740,9.999999,
,,,1.3750,1.5000E3,,,,,1.3750,10.2000,
,,,1.3760,1.4800E3,,,,,1.3760,10.2000,
,,,1.3770,1.4800E3,,,,,1.3770,10.2000,
,,,1.3780,1.4800E3,,,,,1.3780,10.2000,
,,,1.3790,1.5000E3,,,,,1.3790,10.2000,
,,,1.3800,1.5000E3,,,,,1.3800,10.2000,
,,,1.3810,1.5000E3,,,,,1.3810,10.2000,
,,,1.3820,1.4800E3,,,,,1.3820,10.2000,
,,,1.3830,1.5000E3,,,,,1.3830,10.2000,
,,,1.3840,1.5000E3,,,,,1.3840,10.2000,
,,,1.3850,1.5000E3,,,,,1.3850,10.2000,
,,,1.3860,1.5000E3,,,,,1.3860,10.2000,
,,,1.3870,1.5000E3,,,,,1.3870,10.2000,
,,,1.3880,1.5000E3,,,,,1.3880,10.2000,
,,,1.3890,1.5000E3,,,,,1.3890,10.2000,
,,,1.3900,1.4800E3,,,,,1.3900,10.2000,
,,,1.3910,1.5000E3,,,,,1.3910,10.4000,
,,,1.3920,1.4800E3,,,,,1.3920,10.2000,
,,,1.3930,1.4600E3,,,,,1.3930,10.4000,
,,,1.3940,1.5000E3,,,,,1.3940,10.2000,
,,,1.3950,1.4800E3,,,,,1.3950,10.2000,
,,,1.3960,1.4800E3,,,,,1.3960,10.2000,
,,,1.3970,1.4800E3,,,,,1.3970,10.2000,
,,,1.3980,1.5000E3,,,,,1.3980,10.2000,
,,,1.3990,1.5000E3,,,,,1.3990,10.2000,
,,,1.4000,1.4800E3,,,,,1.4000,9.999999,
,,,1.4010,1.4800E3,,,,,1.4010,10.2000,
,,,1.4020,1.4800E3,,,,,1.4020,9.999999,
,,,1.4030,1.5000E3,,,,,1.4030,10.2000,
,,,1.4040,1.4800E3,,,,,1.4040,9.999999,
,,,1.4050,1.5000E3,,,,,1.4050,9.999999,
,,,1.4060,1.5000E3,,,,,1.4060,9.999999,
,,,1.4070,1.4800E3,,,,,1.4070,9.999999,
,,,1.4080,1.5000E3,,,,,1.4080,9.999999,
,,,1.4090,1.5000E3,,,,,1.4090,9.999999,
